"",BBSIS.D.I.ZST.ZI.EUR.S1311.B.A604.R29XX.R.A.A._Z._Z.A,BBSIS.D.I.ZST.ZI.EUR.S1311.B.A604.R29XX.R.A.A._Z._Z.A_FLAGS
"",Term structure of interest rates on listed Federal securities (method by Svensson) / residual maturity of 29.0 years / daily data,
Decimals,2,
Time format code,P1D,
Unit (in english),percent,
category,GKZR,
unit,Prozent,
unit multiplier,One,
last update,2025-05-15 12:53:17,
2000-08-01,5.49,
2000-08-02,5.48,
2000-08-03,5.55,
2000-08-04,5.51,
2000-08-05,.,No value available
2000-08-06,.,No value available
2000-08-07,5.51,
2000-08-08,5.54,
2000-08-09,5.53,
2000-08-10,5.45,
2000-08-11,5.37,
2000-08-12,.,No value available
2000-08-13,.,No value available
2000-08-14,5.34,
2000-08-15,5.43,
2000-08-16,5.49,
2000-08-17,5.37,
2000-08-18,5.45,
2000-08-19,.,No value available
2000-08-20,.,No value available
2000-08-21,5.45,
2000-08-22,5.46,
2000-08-23,5.45,
2000-08-24,5.41,
2000-08-25,5.48,
2000-08-26,.,No value available
2000-08-27,.,No value available
2000-08-28,5.48,
2000-08-29,5.47,
2000-08-30,5.55,
2000-08-31,5.58,
2000-09-01,5.61,
2000-09-02,.,No value available
2000-09-03,.,No value available
2000-09-04,5.55,
2000-09-05,5.58,
2000-09-06,5.56,
2000-09-07,5.60,
2000-09-08,5.58,
2000-09-09,.,No value available
2000-09-10,.,No value available
2000-09-11,5.62,
2000-09-12,5.64,
2000-09-13,5.71,
2000-09-14,5.80,
2000-09-15,5.81,
2000-09-16,.,No value available
2000-09-17,.,No value available
2000-09-18,5.98,
2000-09-19,5.96,
2000-09-20,5.91,
2000-09-21,5.91,
2000-09-22,5.88,
2000-09-23,.,No value available
2000-09-24,.,No value available
2000-09-25,5.90,
2000-09-26,5.87,
2000-09-27,5.97,
2000-09-28,5.89,
2000-09-29,5.89,
2000-09-30,.,No value available
2000-10-01,.,No value available
2000-10-02,5.88,
2000-10-03,.,No value available
2000-10-04,5.93,
2000-10-05,5.97,
2000-10-06,5.96,
2000-10-07,.,No value available
2000-10-08,.,No value available
2000-10-09,5.93,
2000-10-10,5.90,
2000-10-11,5.89,
2000-10-12,5.85,
2000-10-13,5.81,
2000-10-14,.,No value available
2000-10-15,.,No value available
2000-10-16,5.83,
2000-10-17,5.91,
2000-10-18,5.92,
2000-10-19,5.85,
2000-10-20,5.90,
2000-10-21,.,No value available
2000-10-22,.,No value available
2000-10-23,5.86,
2000-10-24,5.86,
2000-10-25,5.78,
2000-10-26,5.84,
2000-10-27,5.85,
2000-10-28,.,No value available
2000-10-29,.,No value available
2000-10-30,5.90,
2000-10-31,5.87,
2000-11-01,5.91,
2000-11-02,5.91,
2000-11-03,5.86,
2000-11-04,.,No value available
2000-11-05,.,No value available
2000-11-06,5.82,
2000-11-07,5.84,
2000-11-08,5.93,
2000-11-09,5.93,
2000-11-10,5.89,
2000-11-11,.,No value available
2000-11-12,.,No value available
2000-11-13,5.88,
2000-11-14,6.01,
2000-11-15,6.01,
2000-11-16,5.88,
2000-11-17,5.89,
2000-11-18,.,No value available
2000-11-19,.,No value available
2000-11-20,5.90,
2000-11-21,5.92,
2000-11-22,5.83,
2000-11-23,5.81,
2000-11-24,5.79,
2000-11-25,.,No value available
2000-11-26,.,No value available
2000-11-27,5.72,
2000-11-28,5.72,
2000-11-29,5.72,
2000-11-30,5.72,
2000-12-01,5.69,
2000-12-02,.,No value available
2000-12-03,.,No value available
2000-12-04,5.74,
2000-12-05,5.79,
2000-12-06,5.82,
2000-12-07,5.88,
2000-12-08,5.82,
2000-12-09,.,No value available
2000-12-10,.,No value available
2000-12-11,5.80,
2000-12-12,5.84,
2000-12-13,5.87,
2000-12-14,5.75,
2000-12-15,5.65,
2000-12-16,.,No value available
2000-12-17,.,No value available
2000-12-18,5.75,
2000-12-19,5.71,
2000-12-20,5.78,
2000-12-21,5.85,
2000-12-22,5.81,
2000-12-23,.,No value available
2000-12-24,.,No value available
2000-12-25,.,No value available
2000-12-26,.,No value available
2000-12-27,5.76,
2000-12-28,5.79,
2000-12-29,5.76,
2000-12-30,.,No value available
2000-12-31,.,No value available
2001-01-01,.,No value available
2001-01-02,5.68,
2001-01-03,5.62,
2001-01-04,5.65,
2001-01-05,5.65,
2001-01-06,.,No value available
2001-01-07,.,No value available
2001-01-08,5.66,
2001-01-09,5.65,
2001-01-10,5.68,
2001-01-11,5.66,
2001-01-12,5.77,
2001-01-13,.,No value available
2001-01-14,.,No value available
2001-01-15,5.75,
2001-01-16,5.77,
2001-01-17,5.81,
2001-01-18,5.70,
2001-01-19,5.80,
2001-01-20,.,No value available
2001-01-21,.,No value available
2001-01-22,5.82,
2001-01-23,5.82,
2001-01-24,5.81,
2001-01-25,5.79,
2001-01-26,5.68,
2001-01-27,.,No value available
2001-01-28,.,No value available
2001-01-29,5.70,
2001-01-30,5.74,
2001-01-31,5.75,
2001-02-01,5.72,
2001-02-02,5.59,
2001-02-03,.,No value available
2001-02-04,.,No value available
2001-02-05,5.65,
2001-02-06,5.62,
2001-02-07,5.61,
2001-02-08,5.60,
2001-02-09,5.60,
2001-02-10,.,No value available
2001-02-11,.,No value available
2001-02-12,5.61,
2001-02-13,5.64,
2001-02-14,5.69,
2001-02-15,5.69,
2001-02-16,5.67,
2001-02-17,.,No value available
2001-02-18,.,No value available
2001-02-19,5.71,
2001-02-20,5.71,
2001-02-21,5.68,
2001-02-22,5.76,
2001-02-23,5.77,
2001-02-24,.,No value available
2001-02-25,.,No value available
2001-02-26,5.76,
2001-02-27,5.75,
2001-02-28,5.75,
2001-03-01,5.74,
2001-03-02,5.73,
2001-03-03,.,No value available
2001-03-04,.,No value available
2001-03-05,5.73,
2001-03-06,5.76,
2001-03-07,5.74,
2001-03-08,5.73,
2001-03-09,5.68,
2001-03-10,.,No value available
2001-03-11,.,No value available
2001-03-12,5.66,
2001-03-13,5.69,
2001-03-14,5.74,
2001-03-15,5.76,
2001-03-16,5.78,
2001-03-17,.,No value available
2001-03-18,.,No value available
2001-03-19,5.76,
2001-03-20,5.76,
2001-03-21,5.72,
2001-03-22,5.69,
2001-03-23,5.67,
2001-03-24,.,No value available
2001-03-25,.,No value available
2001-03-26,5.68,
2001-03-27,5.67,
2001-03-28,5.70,
2001-03-29,5.72,
2001-03-30,5.75,
2001-03-31,.,No value available
2001-04-01,.,No value available
2001-04-02,5.77,
2001-04-03,5.80,
2001-04-04,5.79,
2001-04-05,5.84,
2001-04-06,5.79,
2001-04-07,.,No value available
2001-04-08,.,No value available
2001-04-09,5.80,
2001-04-10,5.81,
2001-04-11,5.85,
2001-04-12,5.82,
2001-04-13,.,No value available
2001-04-14,.,No value available
2001-04-15,.,No value available
2001-04-16,.,No value available
2001-04-17,5.85,
2001-04-18,5.91,
2001-04-19,5.95,
2001-04-20,5.98,
2001-04-21,.,No value available
2001-04-22,.,No value available
2001-04-23,5.95,
2001-04-24,5.87,
2001-04-25,5.88,
2001-04-26,5.95,
2001-04-27,5.87,
2001-04-28,.,No value available
2001-04-29,.,No value available
2001-04-30,5.90,
2001-05-01,.,No value available
2001-05-02,5.95,
2001-05-03,5.92,
2001-05-04,5.88,
2001-05-05,.,No value available
2001-05-06,.,No value available
2001-05-07,5.84,
2001-05-08,5.89,
2001-05-09,5.87,
2001-05-10,5.88,
2001-05-11,5.95,
2001-05-12,.,No value available
2001-05-13,.,No value available
2001-05-14,6.12,
2001-05-15,6.14,
2001-05-16,6.09,
2001-05-17,6.05,
2001-05-18,6.02,
2001-05-19,.,No value available
2001-05-20,.,No value available
2001-05-21,6.01,
2001-05-22,6.01,
2001-05-23,6.07,
2001-05-24,6.14,
2001-05-25,6.13,
2001-05-26,.,No value available
2001-05-27,.,No value available
2001-05-28,6.15,
2001-05-29,6.09,
2001-05-30,6.08,
2001-05-31,6.06,
2001-06-01,6.07,
2001-06-02,.,No value available
2001-06-03,.,No value available
2001-06-04,6.07,
2001-06-05,6.07,
2001-06-06,6.03,
2001-06-07,6.07,
2001-06-08,5.97,
2001-06-09,.,No value available
2001-06-10,.,No value available
2001-06-11,6.04,
2001-06-12,6.05,
2001-06-13,5.99,
2001-06-14,5.94,
2001-06-15,5.97,
2001-06-16,.,No value available
2001-06-17,.,No value available
2001-06-18,6.00,
2001-06-19,6.12,
2001-06-20,6.09,
2001-06-21,6.09,
2001-06-22,6.04,
2001-06-23,.,No value available
2001-06-24,.,No value available
2001-06-25,6.01,
2001-06-26,5.99,
2001-06-27,5.93,
2001-06-28,5.89,
2001-06-29,5.98,
2001-06-30,.,No value available
2001-07-01,.,No value available
2001-07-02,6.07,
2001-07-03,6.09,
2001-07-04,6.03,
2001-07-05,6.05,
2001-07-06,6.01,
2001-07-07,.,No value available
2001-07-08,.,No value available
2001-07-09,5.98,
2001-07-10,6.01,
2001-07-11,6.06,
2001-07-12,6.03,
2001-07-13,5.96,
2001-07-14,.,No value available
2001-07-15,.,No value available
2001-07-16,6.01,
2001-07-17,5.92,
2001-07-18,5.93,
2001-07-19,5.86,
2001-07-20,5.91,
2001-07-21,.,No value available
2001-07-22,.,No value available
2001-07-23,5.84,
2001-07-24,5.85,
2001-07-25,5.88,
2001-07-26,5.93,
2001-07-27,5.85,
2001-07-28,.,No value available
2001-07-29,.,No value available
2001-07-30,5.82,
2001-07-31,5.80,
2001-08-01,5.80,
2001-08-02,5.91,
2001-08-03,5.91,
2001-08-04,.,No value available
2001-08-05,.,No value available
2001-08-06,5.87,
2001-08-07,5.85,
2001-08-08,5.91,
2001-08-09,5.81,
2001-08-10,5.83,
2001-08-11,.,No value available
2001-08-12,.,No value available
2001-08-13,5.79,
2001-08-14,5.81,
2001-08-15,5.79,
2001-08-16,5.79,
2001-08-17,5.73,
2001-08-18,.,No value available
2001-08-19,.,No value available
2001-08-20,5.78,
2001-08-21,5.76,
2001-08-22,5.82,
2001-08-23,5.80,
2001-08-24,5.84,
2001-08-25,.,No value available
2001-08-26,.,No value available
2001-08-27,5.85,
2001-08-28,5.82,
2001-08-29,5.80,
2001-08-30,5.78,
2001-08-31,5.83,
2001-09-01,.,No value available
2001-09-02,.,No value available
2001-09-03,5.86,
2001-09-04,5.86,
2001-09-05,5.92,
2001-09-06,5.93,
2001-09-07,5.89,
2001-09-08,.,No value available
2001-09-09,.,No value available
2001-09-10,5.88,
2001-09-11,5.95,
2001-09-12,5.99,
2001-09-13,6.06,
2001-09-14,6.07,
2001-09-15,.,No value available
2001-09-16,.,No value available
2001-09-17,6.10,
2001-09-18,6.10,
2001-09-19,6.21,
2001-09-20,6.19,
2001-09-21,6.18,
2001-09-22,.,No value available
2001-09-23,.,No value available
2001-09-24,6.25,
2001-09-25,6.19,
2001-09-26,6.10,
2001-09-27,5.98,
2001-09-28,5.99,
2001-09-29,.,No value available
2001-09-30,.,No value available
2001-10-01,6.02,
2001-10-02,5.97,
2001-10-03,5.92,
2001-10-04,5.91,
2001-10-05,5.92,
2001-10-06,.,No value available
2001-10-07,.,No value available
2001-10-08,5.92,
2001-10-09,5.93,
2001-10-10,6.02,
2001-10-11,5.87,
2001-10-12,5.88,
2001-10-13,.,No value available
2001-10-14,.,No value available
2001-10-15,5.79,
2001-10-16,5.79,
2001-10-17,5.84,
2001-10-18,5.78,
2001-10-19,5.76,
2001-10-20,.,No value available
2001-10-21,.,No value available
2001-10-22,5.79,
2001-10-23,5.76,
2001-10-24,5.74,
2001-10-25,5.69,
2001-10-26,5.60,
2001-10-27,.,No value available
2001-10-28,.,No value available
2001-10-29,5.61,
2001-10-30,5.56,
2001-10-31,5.58,
2001-11-01,5.23,
2001-11-02,5.24,
2001-11-03,.,No value available
2001-11-04,.,No value available
2001-11-05,5.22,
2001-11-06,5.32,
2001-11-07,5.29,
2001-11-08,5.25,
2001-11-09,5.20,
2001-11-10,.,No value available
2001-11-11,.,No value available
2001-11-12,5.21,
2001-11-13,5.26,
2001-11-14,5.32,
2001-11-15,5.38,
2001-11-16,5.47,
2001-11-17,.,No value available
2001-11-18,.,No value available
2001-11-19,5.41,
2001-11-20,5.40,
2001-11-21,5.45,
2001-11-22,5.53,
2001-11-23,5.43,
2001-11-24,.,No value available
2001-11-25,.,No value available
2001-11-26,5.48,
2001-11-27,5.48,
2001-11-28,5.55,
2001-11-29,5.56,
2001-11-30,5.45,
2001-12-01,.,No value available
2001-12-02,.,No value available
2001-12-03,5.41,
2001-12-04,5.33,
2001-12-05,5.39,
2001-12-06,5.51,
2001-12-07,5.44,
2001-12-08,.,No value available
2001-12-09,.,No value available
2001-12-10,5.50,
2001-12-11,5.48,
2001-12-12,5.43,
2001-12-13,5.41,
2001-12-14,5.33,
2001-12-15,.,No value available
2001-12-16,.,No value available
2001-12-17,5.47,
2001-12-18,5.46,
2001-12-19,5.49,
2001-12-20,5.52,
2001-12-21,5.51,
2001-12-22,.,No value available
2001-12-23,.,No value available
2001-12-24,.,No value available
2001-12-25,.,No value available
2001-12-26,.,No value available
2001-12-27,5.62,
2001-12-28,5.61,
2001-12-29,.,No value available
2001-12-30,.,No value available
2001-12-31,.,No value available
2002-01-01,.,No value available
2002-01-02,5.61,
2002-01-03,5.58,
2002-01-04,5.55,
2002-01-05,.,No value available
2002-01-06,.,No value available
2002-01-07,5.56,
2002-01-08,5.46,
2002-01-09,5.51,
2002-01-10,5.54,
2002-01-11,5.50,
2002-01-12,.,No value available
2002-01-13,.,No value available
2002-01-14,5.45,
2002-01-15,5.41,
2002-01-16,5.38,
2002-01-17,5.46,
2002-01-18,5.50,
2002-01-19,.,No value available
2002-01-20,.,No value available
2002-01-21,5.50,
2002-01-22,5.48,
2002-01-23,5.45,
2002-01-24,5.46,
2002-01-25,5.48,
2002-01-26,.,No value available
2002-01-27,.,No value available
2002-01-28,5.52,
2002-01-29,5.48,
2002-01-30,5.42,
2002-01-31,5.48,
2002-02-01,5.45,
2002-02-02,.,No value available
2002-02-03,.,No value available
2002-02-04,5.35,
2002-02-05,5.34,
2002-02-06,5.40,
2002-02-07,5.38,
2002-02-08,5.55,
2002-02-09,.,No value available
2002-02-10,.,No value available
2002-02-11,5.57,
2002-02-12,5.57,
2002-02-13,5.55,
2002-02-14,5.54,
2002-02-15,5.54,
2002-02-16,.,No value available
2002-02-17,.,No value available
2002-02-18,5.55,
2002-02-19,5.49,
2002-02-20,5.64,
2002-02-21,5.63,
2002-02-22,5.62,
2002-02-23,.,No value available
2002-02-24,.,No value available
2002-02-25,5.57,
2002-02-26,5.66,
2002-02-27,5.60,
2002-02-28,5.59,
2002-03-01,5.58,
2002-03-02,.,No value available
2002-03-03,.,No value available
2002-03-04,5.64,
2002-03-05,5.66,
2002-03-06,5.71,
2002-03-07,5.75,
2002-03-08,5.70,
2002-03-09,.,No value available
2002-03-10,.,No value available
2002-03-11,5.71,
2002-03-12,5.73,
2002-03-13,5.78,
2002-03-14,5.79,
2002-03-15,5.76,
2002-03-16,.,No value available
2002-03-17,.,No value available
2002-03-18,5.79,
2002-03-19,5.75,
2002-03-20,5.73,
2002-03-21,5.81,
2002-03-22,5.81,
2002-03-23,.,No value available
2002-03-24,.,No value available
2002-03-25,5.84,
2002-03-26,5.83,
2002-03-27,5.82,
2002-03-28,5.83,
2002-03-29,.,No value available
2002-03-30,.,No value available
2002-03-31,.,No value available
2002-04-01,.,No value available
2002-04-02,5.93,
2002-04-03,5.88,
2002-04-04,5.82,
2002-04-05,5.79,
2002-04-06,.,No value available
2002-04-07,.,No value available
2002-04-08,5.81,
2002-04-09,5.87,
2002-04-10,5.84,
2002-04-11,5.88,
2002-04-12,5.82,
2002-04-13,.,No value available
2002-04-14,.,No value available
2002-04-15,5.79,
2002-04-16,5.82,
2002-04-17,5.88,
2002-04-18,5.92,
2002-04-19,5.90,
2002-04-20,.,No value available
2002-04-21,.,No value available
2002-04-22,5.88,
2002-04-23,5.88,
2002-04-24,5.88,
2002-04-25,5.79,
2002-04-26,5.81,
2002-04-27,.,No value available
2002-04-28,.,No value available
2002-04-29,5.79,
2002-04-30,5.83,
2002-05-01,.,No value available
2002-05-02,5.78,
2002-05-03,5.78,
2002-05-04,.,No value available
2002-05-05,.,No value available
2002-05-06,5.76,
2002-05-07,5.74,
2002-05-08,5.79,
2002-05-09,5.82,
2002-05-10,5.82,
2002-05-11,.,No value available
2002-05-12,.,No value available
2002-05-13,5.81,
2002-05-14,5.81,
2002-05-15,5.84,
2002-05-16,5.80,
2002-05-17,5.79,
2002-05-18,.,No value available
2002-05-19,.,No value available
2002-05-20,5.84,
2002-05-21,5.78,
2002-05-22,5.83,
2002-05-23,5.78,
2002-05-24,5.76,
2002-05-25,.,No value available
2002-05-26,.,No value available
2002-05-27,5.79,
2002-05-28,5.82,
2002-05-29,5.79,
2002-05-30,5.77,
2002-05-31,5.72,
2002-06-01,.,No value available
2002-06-02,.,No value available
2002-06-03,5.78,
2002-06-04,5.73,
2002-06-05,5.77,
2002-06-06,5.77,
2002-06-07,5.76,
2002-06-08,.,No value available
2002-06-09,.,No value available
2002-06-10,5.82,
2002-06-11,5.76,
2002-06-12,5.74,
2002-06-13,5.73,
2002-06-14,5.65,
2002-06-15,.,No value available
2002-06-16,.,No value available
2002-06-17,5.66,
2002-06-18,5.63,
2002-06-19,5.58,
2002-06-20,5.55,
2002-06-21,5.56,
2002-06-22,.,No value available
2002-06-23,.,No value available
2002-06-24,5.50,
2002-06-25,5.52,
2002-06-26,5.40,
2002-06-27,5.47,
2002-06-28,5.53,
2002-06-29,.,No value available
2002-06-30,.,No value available
2002-07-01,5.58,
2002-07-02,5.60,
2002-07-03,5.58,
2002-07-04,5.59,
2002-07-05,5.63,
2002-07-06,.,No value available
2002-07-07,.,No value available
2002-07-08,5.63,
2002-07-09,5.66,
2002-07-10,5.59,
2002-07-11,5.55,
2002-07-12,5.53,
2002-07-13,.,No value available
2002-07-14,.,No value available
2002-07-15,5.50,
2002-07-16,5.44,
2002-07-17,5.53,
2002-07-18,5.56,
2002-07-19,5.52,
2002-07-20,.,No value available
2002-07-21,.,No value available
2002-07-22,5.49,
2002-07-23,5.44,
2002-07-24,5.40,
2002-07-25,5.36,
2002-07-26,5.40,
2002-07-27,.,No value available
2002-07-28,.,No value available
2002-07-29,5.47,
2002-07-30,5.55,
2002-07-31,5.52,
2002-08-01,5.46,
2002-08-02,5.39,
2002-08-03,.,No value available
2002-08-04,.,No value available
2002-08-05,5.36,
2002-08-06,5.37,
2002-08-07,5.39,
2002-08-08,5.37,
2002-08-09,5.33,
2002-08-10,.,No value available
2002-08-11,.,No value available
2002-08-12,5.29,
2002-08-13,5.26,
2002-08-14,5.25,
2002-08-15,5.25,
2002-08-16,5.24,
2002-08-17,.,No value available
2002-08-18,.,No value available
2002-08-19,5.30,
2002-08-20,5.31,
2002-08-21,5.33,
2002-08-22,5.38,
2002-08-23,5.39,
2002-08-24,.,No value available
2002-08-25,.,No value available
2002-08-26,5.39,
2002-08-27,5.39,
2002-08-28,5.33,
2002-08-29,5.28,
2002-08-30,5.33,
2002-08-31,.,No value available
2002-09-01,.,No value available
2002-09-02,5.29,
2002-09-03,5.27,
2002-09-04,5.19,
2002-09-05,5.21,
2002-09-06,5.20,
2002-09-07,.,No value available
2002-09-08,.,No value available
2002-09-09,5.21,
2002-09-10,5.23,
2002-09-11,5.29,
2002-09-12,5.31,
2002-09-13,5.25,
2002-09-14,.,No value available
2002-09-15,.,No value available
2002-09-16,5.24,
2002-09-17,5.24,
2002-09-18,5.13,
2002-09-19,5.17,
2002-09-20,5.22,
2002-09-21,.,No value available
2002-09-22,.,No value available
2002-09-23,5.24,
2002-09-24,5.20,
2002-09-25,5.28,
2002-09-26,5.24,
2002-09-27,5.29,
2002-09-28,.,No value available
2002-09-29,.,No value available
2002-09-30,5.28,
2002-10-01,5.30,
2002-10-02,5.37,
2002-10-03,5.39,
2002-10-04,5.34,
2002-10-05,.,No value available
2002-10-06,.,No value available
2002-10-07,5.31,
2002-10-08,5.32,
2002-10-09,5.28,
2002-10-10,5.31,
2002-10-11,5.30,
2002-10-12,.,No value available
2002-10-13,.,No value available
2002-10-14,5.42,
2002-10-15,5.48,
2002-10-16,5.46,
2002-10-17,5.45,
2002-10-18,5.47,
2002-10-19,.,No value available
2002-10-20,.,No value available
2002-10-21,5.49,
2002-10-22,5.50,
2002-10-23,5.48,
2002-10-24,5.53,
2002-10-25,5.55,
2002-10-26,.,No value available
2002-10-27,.,No value available
2002-10-28,5.47,
2002-10-29,5.49,
2002-10-30,5.50,
2002-10-31,5.54,
2002-11-01,5.45,
2002-11-02,.,No value available
2002-11-03,.,No value available
2002-11-04,5.58,
2002-11-05,5.50,
2002-11-06,5.57,
2002-11-07,5.56,
2002-11-08,5.49,
2002-11-09,.,No value available
2002-11-10,.,No value available
2002-11-11,5.43,
2002-11-12,5.42,
2002-11-13,5.42,
2002-11-14,5.43,
2002-11-15,5.49,
2002-11-16,.,No value available
2002-11-17,.,No value available
2002-11-18,5.52,
2002-11-19,5.46,
2002-11-20,5.45,
2002-11-21,5.48,
2002-11-22,5.36,
2002-11-23,.,No value available
2002-11-24,.,No value available
2002-11-25,5.52,
2002-11-26,5.44,
2002-11-27,5.41,
2002-11-28,5.47,
2002-11-29,5.42,
2002-11-30,.,No value available
2002-12-01,.,No value available
2002-12-02,5.48,
2002-12-03,5.47,
2002-12-04,5.46,
2002-12-05,5.39,
2002-12-06,5.33,
2002-12-07,.,No value available
2002-12-08,.,No value available
2002-12-09,5.37,
2002-12-10,5.37,
2002-12-11,5.40,
2002-12-12,5.31,
2002-12-13,5.24,
2002-12-14,.,No value available
2002-12-15,.,No value available
2002-12-16,5.26,
2002-12-17,5.32,
2002-12-18,5.30,
2002-12-19,5.29,
2002-12-20,5.30,
2002-12-21,.,No value available
2002-12-22,.,No value available
2002-12-23,5.27,
2002-12-24,.,No value available
2002-12-25,.,No value available
2002-12-26,.,No value available
2002-12-27,5.23,
2002-12-28,.,No value available
2002-12-29,.,No value available
2002-12-30,5.24,
2002-12-31,.,No value available
2003-01-01,.,No value available
2003-01-02,5.25,
2003-01-03,5.34,
2003-01-04,.,No value available
2003-01-05,.,No value available
2003-01-06,5.40,
2003-01-07,5.37,
2003-01-08,5.31,
2003-01-09,5.24,
2003-01-10,5.23,
2003-01-11,.,No value available
2003-01-12,.,No value available
2003-01-13,5.31,
2003-01-14,5.26,
2003-01-15,5.22,
2003-01-16,5.21,
2003-01-17,5.22,
2003-01-18,.,No value available
2003-01-19,.,No value available
2003-01-20,5.20,
2003-01-21,5.18,
2003-01-22,5.10,
2003-01-23,5.14,
2003-01-24,5.09,
2003-01-25,.,No value available
2003-01-26,.,No value available
2003-01-27,5.00,
2003-01-28,5.01,
2003-01-29,5.00,
2003-01-30,5.09,
2003-01-31,5.06,
2003-02-01,.,No value available
2003-02-02,.,No value available
2003-02-03,5.16,
2003-02-04,5.08,
2003-02-05,5.05,
2003-02-06,5.12,
2003-02-07,5.09,
2003-02-08,.,No value available
2003-02-09,.,No value available
2003-02-10,5.09,
2003-02-11,5.16,
2003-02-12,5.14,
2003-02-13,5.14,
2003-02-14,5.13,
2003-02-15,.,No value available
2003-02-16,.,No value available
2003-02-17,5.16,
2003-02-18,5.13,
2003-02-19,5.08,
2003-02-20,5.06,
2003-02-21,5.10,
2003-02-22,.,No value available
2003-02-23,.,No value available
2003-02-24,5.10,
2003-02-25,5.12,
2003-02-26,5.12,
2003-02-27,5.14,
2003-02-28,5.17,
2003-03-01,.,No value available
2003-03-02,.,No value available
2003-03-03,5.15,
2003-03-04,5.17,
2003-03-05,5.15,
2003-03-06,5.14,
2003-03-07,5.10,
2003-03-08,.,No value available
2003-03-09,.,No value available
2003-03-10,5.05,
2003-03-11,5.04,
2003-03-12,5.07,
2003-03-13,5.08,
2003-03-14,5.19,
2003-03-15,.,No value available
2003-03-16,.,No value available
2003-03-17,5.11,
2003-03-18,5.26,
2003-03-19,5.26,
2003-03-20,5.27,
2003-03-21,5.32,
2003-03-22,.,No value available
2003-03-23,.,No value available
2003-03-24,5.31,
2003-03-25,5.27,
2003-03-26,5.38,
2003-03-27,5.29,
2003-03-28,5.31,
2003-03-29,.,No value available
2003-03-30,.,No value available
2003-03-31,5.30,
2003-04-01,5.25,
2003-04-02,5.34,
2003-04-03,5.44,
2003-04-04,5.31,
2003-04-05,.,No value available
2003-04-06,.,No value available
2003-04-07,5.34,
2003-04-08,5.39,
2003-04-09,5.27,
2003-04-10,5.25,
2003-04-11,5.29,
2003-04-12,.,No value available
2003-04-13,.,No value available
2003-04-14,5.29,
2003-04-15,5.32,
2003-04-16,5.27,
2003-04-17,5.23,
2003-04-18,.,No value available
2003-04-19,.,No value available
2003-04-20,.,No value available
2003-04-21,.,No value available
2003-04-22,5.23,
2003-04-23,5.30,
2003-04-24,5.28,
2003-04-25,5.31,
2003-04-26,.,No value available
2003-04-27,.,No value available
2003-04-28,5.26,
2003-04-29,5.29,
2003-04-30,5.29,
2003-05-01,.,No value available
2003-05-02,5.32,
2003-05-03,.,No value available
2003-05-04,.,No value available
2003-05-05,5.36,
2003-05-06,5.33,
2003-05-07,5.28,
2003-05-08,5.23,
2003-05-09,5.19,
2003-05-10,.,No value available
2003-05-11,.,No value available
2003-05-12,5.25,
2003-05-13,5.22,
2003-05-14,5.33,
2003-05-15,5.16,
2003-05-16,5.16,
2003-05-17,.,No value available
2003-05-18,.,No value available
2003-05-19,5.09,
2003-05-20,4.99,
2003-05-21,4.96,
2003-05-22,4.96,
2003-05-23,4.93,
2003-05-24,.,No value available
2003-05-25,.,No value available
2003-05-26,4.90,
2003-05-27,4.86,
2003-05-28,5.05,
2003-05-29,5.08,
2003-05-30,4.95,
2003-05-31,.,No value available
2003-06-01,.,No value available
2003-06-02,5.06,
2003-06-03,5.04,
2003-06-04,4.95,
2003-06-05,5.00,
2003-06-06,5.00,
2003-06-07,.,No value available
2003-06-08,.,No value available
2003-06-09,4.97,
2003-06-10,5.00,
2003-06-11,4.99,
2003-06-12,5.01,
2003-06-13,4.94,
2003-06-14,.,No value available
2003-06-15,.,No value available
2003-06-16,4.80,
2003-06-17,4.86,
2003-06-18,5.02,
2003-06-19,5.07,
2003-06-20,4.99,
2003-06-21,.,No value available
2003-06-22,.,No value available
2003-06-23,5.08,
2003-06-24,5.06,
2003-06-25,5.01,
2003-06-26,5.05,
2003-06-27,5.12,
2003-06-28,.,No value available
2003-06-29,.,No value available
2003-06-30,5.17,
2003-07-01,5.17,
2003-07-02,5.21,
2003-07-03,5.30,
2003-07-04,5.21,
2003-07-05,.,No value available
2003-07-06,.,No value available
2003-07-07,5.33,
2003-07-08,5.29,
2003-07-09,5.24,
2003-07-10,5.27,
2003-07-11,5.23,
2003-07-12,.,No value available
2003-07-13,.,No value available
2003-07-14,5.26,
2003-07-15,5.33,
2003-07-16,5.34,
2003-07-17,5.33,
2003-07-18,5.36,
2003-07-19,.,No value available
2003-07-20,.,No value available
2003-07-21,5.41,
2003-07-22,5.31,
2003-07-23,5.25,
2003-07-24,5.23,
2003-07-25,5.26,
2003-07-26,.,No value available
2003-07-27,.,No value available
2003-07-28,5.31,
2003-07-29,5.36,
2003-07-30,5.48,
2003-07-31,5.34,
2003-08-01,5.38,
2003-08-02,.,No value available
2003-08-03,.,No value available
2003-08-04,5.31,
2003-08-05,5.29,
2003-08-06,5.33,
2003-08-07,5.29,
2003-08-08,5.20,
2003-08-09,.,No value available
2003-08-10,.,No value available
2003-08-11,5.27,
2003-08-12,5.27,
2003-08-13,5.30,
2003-08-14,5.26,
2003-08-15,5.32,
2003-08-16,.,No value available
2003-08-17,.,No value available
2003-08-18,5.26,
2003-08-19,5.29,
2003-08-20,5.19,
2003-08-21,5.23,
2003-08-22,5.23,
2003-08-23,.,No value available
2003-08-24,.,No value available
2003-08-25,5.21,
2003-08-26,5.32,
2003-08-27,5.22,
2003-08-28,5.28,
2003-08-29,5.24,
2003-08-30,.,No value available
2003-08-31,.,No value available
2003-09-01,5.26,
2003-09-02,5.36,
2003-09-03,5.44,
2003-09-04,5.39,
2003-09-05,5.32,
2003-09-06,.,No value available
2003-09-07,.,No value available
2003-09-08,5.33,
2003-09-09,5.31,
2003-09-10,5.36,
2003-09-11,5.32,
2003-09-12,5.42,
2003-09-13,.,No value available
2003-09-14,.,No value available
2003-09-15,5.29,
2003-09-16,5.27,
2003-09-17,5.31,
2003-09-18,5.32,
2003-09-19,5.27,
2003-09-20,.,No value available
2003-09-21,.,No value available
2003-09-22,5.25,
2003-09-23,5.26,
2003-09-24,5.25,
2003-09-25,5.27,
2003-09-26,5.30,
2003-09-27,.,No value available
2003-09-28,.,No value available
2003-09-29,5.28,
2003-09-30,5.24,
2003-10-01,5.26,
2003-10-02,5.37,
2003-10-03,5.37,
2003-10-04,.,No value available
2003-10-05,.,No value available
2003-10-06,5.43,
2003-10-07,5.33,
2003-10-08,5.37,
2003-10-09,5.34,
2003-10-10,5.30,
2003-10-11,.,No value available
2003-10-12,.,No value available
2003-10-13,5.40,
2003-10-14,5.32,
2003-10-15,5.38,
2003-10-16,5.39,
2003-10-17,5.44,
2003-10-18,.,No value available
2003-10-19,.,No value available
2003-10-20,5.34,
2003-10-21,5.37,
2003-10-22,5.34,
2003-10-23,5.33,
2003-10-24,5.35,
2003-10-25,.,No value available
2003-10-26,.,No value available
2003-10-27,5.32,
2003-10-28,5.47,
2003-10-29,5.38,
2003-10-30,5.40,
2003-10-31,5.39,
2003-11-01,.,No value available
2003-11-02,.,No value available
2003-11-03,5.38,
2003-11-04,5.39,
2003-11-05,5.36,
2003-11-06,5.47,
2003-11-07,5.39,
2003-11-08,.,No value available
2003-11-09,.,No value available
2003-11-10,5.40,
2003-11-11,5.42,
2003-11-12,5.44,
2003-11-13,5.53,
2003-11-14,5.40,
2003-11-15,.,No value available
2003-11-16,.,No value available
2003-11-17,5.39,
2003-11-18,5.39,
2003-11-19,5.36,
2003-11-20,5.39,
2003-11-21,5.37,
2003-11-22,.,No value available
2003-11-23,.,No value available
2003-11-24,5.40,
2003-11-25,5.42,
2003-11-26,5.42,
2003-11-27,5.41,
2003-11-28,5.37,
2003-11-29,.,No value available
2003-11-30,.,No value available
2003-12-01,5.50,
2003-12-02,5.42,
2003-12-03,5.42,
2003-12-04,5.50,
2003-12-05,5.43,
2003-12-06,.,No value available
2003-12-07,.,No value available
2003-12-08,5.34,
2003-12-09,5.37,
2003-12-10,5.51,
2003-12-11,5.38,
2003-12-12,5.38,
2003-12-13,.,No value available
2003-12-14,.,No value available
2003-12-15,5.41,
2003-12-16,5.31,
2003-12-17,5.25,
2003-12-18,5.21,
2003-12-19,5.21,
2003-12-20,.,No value available
2003-12-21,.,No value available
2003-12-22,5.20,
2003-12-23,5.22,
2003-12-24,.,No value available
2003-12-25,.,No value available
2003-12-26,.,No value available
2003-12-27,.,No value available
2003-12-28,.,No value available
2003-12-29,5.22,
2003-12-30,5.26,
2003-12-31,.,No value available
2004-01-01,.,No value available
2004-01-02,5.31,
2004-01-03,.,No value available
2004-01-04,.,No value available
2004-01-05,5.30,
2004-01-06,5.32,
2004-01-07,5.26,
2004-01-08,5.28,
2004-01-09,5.26,
2004-01-10,.,No value available
2004-01-11,.,No value available
2004-01-12,5.23,
2004-01-13,5.23,
2004-01-14,5.23,
2004-01-15,5.22,
2004-01-16,5.22,
2004-01-17,.,No value available
2004-01-18,.,No value available
2004-01-19,5.31,
2004-01-20,5.27,
2004-01-21,5.25,
2004-01-22,5.30,
2004-01-23,5.29,
2004-01-24,.,No value available
2004-01-25,.,No value available
2004-01-26,5.25,
2004-01-27,5.25,
2004-01-28,5.25,
2004-01-29,5.40,
2004-01-30,5.32,
2004-01-31,.,No value available
2004-02-01,.,No value available
2004-02-02,5.27,
2004-02-03,5.26,
2004-02-04,5.27,
2004-02-05,5.26,
2004-02-06,5.24,
2004-02-07,.,No value available
2004-02-08,.,No value available
2004-02-09,5.25,
2004-02-10,5.20,
2004-02-11,5.31,
2004-02-12,5.21,
2004-02-13,5.22,
2004-02-14,.,No value available
2004-02-15,.,No value available
2004-02-16,5.29,
2004-02-17,5.26,
2004-02-18,5.19,
2004-02-19,5.28,
2004-02-20,5.30,
2004-02-21,.,No value available
2004-02-22,.,No value available
2004-02-23,5.29,
2004-02-24,5.25,
2004-02-25,5.32,
2004-02-26,5.33,
2004-02-27,5.21,
2004-02-28,.,No value available
2004-02-29,.,No value available
2004-03-01,5.27,
2004-03-02,5.22,
2004-03-03,5.23,
2004-03-04,5.23,
2004-03-05,5.25,
2004-03-06,.,No value available
2004-03-07,.,No value available
2004-03-08,5.20,
2004-03-09,5.11,
2004-03-10,5.09,
2004-03-11,5.08,
2004-03-12,5.07,
2004-03-13,.,No value available
2004-03-14,.,No value available
2004-03-15,5.14,
2004-03-16,5.21,
2004-03-17,5.16,
2004-03-18,5.16,
2004-03-19,5.09,
2004-03-20,.,No value available
2004-03-21,.,No value available
2004-03-22,5.22,
2004-03-23,5.18,
2004-03-24,5.12,
2004-03-25,5.07,
2004-03-26,5.10,
2004-03-27,.,No value available
2004-03-28,.,No value available
2004-03-29,5.16,
2004-03-30,5.16,
2004-03-31,5.16,
2004-04-01,5.19,
2004-04-02,5.18,
2004-04-03,.,No value available
2004-04-04,.,No value available
2004-04-05,5.19,
2004-04-06,5.27,
2004-04-07,5.26,
2004-04-08,5.27,
2004-04-09,.,No value available
2004-04-10,.,No value available
2004-04-11,.,No value available
2004-04-12,.,No value available
2004-04-13,5.27,
2004-04-14,5.26,
2004-04-15,5.27,
2004-04-16,5.23,
2004-04-17,.,No value available
2004-04-18,.,No value available
2004-04-19,5.25,
2004-04-20,5.25,
2004-04-21,5.33,
2004-04-22,5.27,
2004-04-23,5.24,
2004-04-24,.,No value available
2004-04-25,.,No value available
2004-04-26,5.26,
2004-04-27,5.26,
2004-04-28,5.23,
2004-04-29,5.28,
2004-04-30,5.33,
2004-05-01,.,No value available
2004-05-02,.,No value available
2004-05-03,5.34,
2004-05-04,5.31,
2004-05-05,5.23,
2004-05-06,5.38,
2004-05-07,5.31,
2004-05-08,.,No value available
2004-05-09,.,No value available
2004-05-10,5.33,
2004-05-11,5.34,
2004-05-12,5.35,
2004-05-13,5.38,
2004-05-14,5.38,
2004-05-15,.,No value available
2004-05-16,.,No value available
2004-05-17,5.31,
2004-05-18,5.33,
2004-05-19,5.39,
2004-05-20,5.44,
2004-05-21,5.42,
2004-05-22,.,No value available
2004-05-23,.,No value available
2004-05-24,5.39,
2004-05-25,5.42,
2004-05-26,5.34,
2004-05-27,5.34,
2004-05-28,5.33,
2004-05-29,.,No value available
2004-05-30,.,No value available
2004-05-31,5.34,
2004-06-01,5.34,
2004-06-02,5.35,
2004-06-03,5.43,
2004-06-04,5.39,
2004-06-05,.,No value available
2004-06-06,.,No value available
2004-06-07,5.40,
2004-06-08,5.35,
2004-06-09,5.36,
2004-06-10,5.38,
2004-06-11,5.34,
2004-06-12,.,No value available
2004-06-13,.,No value available
2004-06-14,5.33,
2004-06-15,5.33,
2004-06-16,5.31,
2004-06-17,5.32,
2004-06-18,5.27,
2004-06-19,.,No value available
2004-06-20,.,No value available
2004-06-21,5.29,
2004-06-22,5.35,
2004-06-23,5.31,
2004-06-24,5.33,
2004-06-25,5.29,
2004-06-26,.,No value available
2004-06-27,.,No value available
2004-06-28,5.33,
2004-06-29,5.29,
2004-06-30,5.29,
2004-07-01,5.25,
2004-07-02,5.26,
2004-07-03,.,No value available
2004-07-04,.,No value available
2004-07-05,5.18,
2004-07-06,5.23,
2004-07-07,5.21,
2004-07-08,5.20,
2004-07-09,5.20,
2004-07-10,.,No value available
2004-07-11,.,No value available
2004-07-12,5.20,
2004-07-13,5.25,
2004-07-14,5.21,
2004-07-15,5.25,
2004-07-16,5.25,
2004-07-17,.,No value available
2004-07-18,.,No value available
2004-07-19,5.19,
2004-07-20,5.19,
2004-07-21,5.27,
2004-07-22,5.26,
2004-07-23,5.22,
2004-07-24,.,No value available
2004-07-25,.,No value available
2004-07-26,5.31,
2004-07-27,5.19,
2004-07-28,5.31,
2004-07-29,5.22,
2004-07-30,5.25,
2004-07-31,.,No value available
2004-08-01,.,No value available
2004-08-02,5.18,
2004-08-03,5.18,
2004-08-04,5.18,
2004-08-05,5.11,
2004-08-06,5.06,
2004-08-07,.,No value available
2004-08-08,.,No value available
2004-08-09,5.09,
2004-08-10,5.04,
2004-08-11,5.06,
2004-08-12,5.05,
2004-08-13,5.03,
2004-08-14,.,No value available
2004-08-15,.,No value available
2004-08-16,5.04,
2004-08-17,5.15,
2004-08-18,5.09,
2004-08-19,5.06,
2004-08-20,5.03,
2004-08-21,.,No value available
2004-08-22,.,No value available
2004-08-23,5.04,
2004-08-24,5.22,
2004-08-25,5.09,
2004-08-26,5.01,
2004-08-27,5.06,
2004-08-28,.,No value available
2004-08-29,.,No value available
2004-08-30,5.13,
2004-08-31,5.12,
2004-09-01,4.98,
2004-09-02,5.04,
2004-09-03,5.07,
2004-09-04,.,No value available
2004-09-05,.,No value available
2004-09-06,5.13,
2004-09-07,5.12,
2004-09-08,5.14,
2004-09-09,5.09,
2004-09-10,5.09,
2004-09-11,.,No value available
2004-09-12,.,No value available
2004-09-13,5.02,
2004-09-14,5.08,
2004-09-15,5.01,
2004-09-16,5.05,
2004-09-17,4.97,
2004-09-18,.,No value available
2004-09-19,.,No value available
2004-09-20,5.04,
2004-09-21,5.02,
2004-09-22,4.97,
2004-09-23,4.91,
2004-09-24,4.95,
2004-09-25,.,No value available
2004-09-26,.,No value available
2004-09-27,4.97,
2004-09-28,4.92,
2004-09-29,4.98,
2004-09-30,4.99,
2004-10-01,4.97,
2004-10-02,.,No value available
2004-10-03,.,No value available
2004-10-04,4.98,
2004-10-05,4.98,
2004-10-06,4.94,
2004-10-07,5.01,
2004-10-08,5.02,
2004-10-09,.,No value available
2004-10-10,.,No value available
2004-10-11,5.01,
2004-10-12,4.94,
2004-10-13,5.00,
2004-10-14,4.88,
2004-10-15,4.85,
2004-10-16,.,No value available
2004-10-17,.,No value available
2004-10-18,4.90,
2004-10-19,4.90,
2004-10-20,4.91,
2004-10-21,4.88,
2004-10-22,4.89,
2004-10-23,.,No value available
2004-10-24,.,No value available
2004-10-25,4.87,
2004-10-26,4.86,
2004-10-27,4.88,
2004-10-28,4.87,
2004-10-29,4.88,
2004-10-30,.,No value available
2004-10-31,.,No value available
2004-11-01,4.90,
2004-11-02,4.88,
2004-11-03,4.92,
2004-11-04,4.87,
2004-11-05,4.85,
2004-11-06,.,No value available
2004-11-07,.,No value available
2004-11-08,4.89,
2004-11-09,4.84,
2004-11-10,4.81,
2004-11-11,4.83,
2004-11-12,4.80,
2004-11-13,.,No value available
2004-11-14,.,No value available
2004-11-15,4.76,
2004-11-16,4.72,
2004-11-17,4.73,
2004-11-18,4.75,
2004-11-19,4.73,
2004-11-20,.,No value available
2004-11-21,.,No value available
2004-11-22,4.76,
2004-11-23,4.76,
2004-11-24,4.72,
2004-11-25,4.72,
2004-11-26,4.69,
2004-11-27,.,No value available
2004-11-28,.,No value available
2004-11-29,4.68,
2004-11-30,4.72,
2004-12-01,4.68,
2004-12-02,4.70,
2004-12-03,4.74,
2004-12-04,.,No value available
2004-12-05,.,No value available
2004-12-06,4.67,
2004-12-07,4.64,
2004-12-08,4.63,
2004-12-09,4.59,
2004-12-10,4.59,
2004-12-11,.,No value available
2004-12-12,.,No value available
2004-12-13,4.54,
2004-12-14,4.56,
2004-12-15,4.42,
2004-12-16,4.43,
2004-12-17,4.56,
2004-12-18,.,No value available
2004-12-19,.,No value available
2004-12-20,4.46,
2004-12-21,4.45,
2004-12-22,4.51,
2004-12-23,4.49,
2004-12-24,.,No value available
2004-12-25,.,No value available
2004-12-26,.,No value available
2004-12-27,4.50,
2004-12-28,4.53,
2004-12-29,4.64,
2004-12-30,4.64,
2004-12-31,.,No value available
2005-01-01,.,No value available
2005-01-02,.,No value available
2005-01-03,4.55,
2005-01-04,4.52,
2005-01-05,4.57,
2005-01-06,4.57,
2005-01-07,4.47,
2005-01-08,.,No value available
2005-01-09,.,No value available
2005-01-10,4.49,
2005-01-11,4.44,
2005-01-12,4.50,
2005-01-13,4.49,
2005-01-14,4.38,
2005-01-15,.,No value available
2005-01-16,.,No value available
2005-01-17,4.35,
2005-01-18,4.38,
2005-01-19,4.32,
2005-01-20,4.33,
2005-01-21,4.35,
2005-01-22,.,No value available
2005-01-23,.,No value available
2005-01-24,4.36,
2005-01-25,4.38,
2005-01-26,4.36,
2005-01-27,4.36,
2005-01-28,4.29,
2005-01-29,.,No value available
2005-01-30,.,No value available
2005-01-31,4.29,
2005-02-01,4.26,
2005-02-02,4.26,
2005-02-03,4.22,
2005-02-04,4.23,
2005-02-05,.,No value available
2005-02-06,.,No value available
2005-02-07,4.13,
2005-02-08,4.13,
2005-02-09,4.06,
2005-02-10,4.06,
2005-02-11,4.13,
2005-02-12,.,No value available
2005-02-13,.,No value available
2005-02-14,4.18,
2005-02-15,4.19,
2005-02-16,4.16,
2005-02-17,4.19,
2005-02-18,4.31,
2005-02-19,.,No value available
2005-02-20,.,No value available
2005-02-21,4.38,
2005-02-22,4.41,
2005-02-23,4.42,
2005-02-24,4.46,
2005-02-25,4.44,
2005-02-26,.,No value available
2005-02-27,.,No value available
2005-02-28,4.39,
2005-03-01,4.46,
2005-03-02,4.48,
2005-03-03,4.53,
2005-03-04,4.51,
2005-03-05,.,No value available
2005-03-06,.,No value available
2005-03-07,4.41,
2005-03-08,4.42,
2005-03-09,4.49,
2005-03-10,4.55,
2005-03-11,4.52,
2005-03-12,.,No value available
2005-03-13,.,No value available
2005-03-14,4.57,
2005-03-15,4.53,
2005-03-16,4.47,
2005-03-17,4.45,
2005-03-18,4.37,
2005-03-19,.,No value available
2005-03-20,.,No value available
2005-03-21,4.47,
2005-03-22,4.44,
2005-03-23,4.43,
2005-03-24,4.39,
2005-03-25,.,No value available
2005-03-26,.,No value available
2005-03-27,.,No value available
2005-03-28,.,No value available
2005-03-29,4.41,
2005-03-30,4.43,
2005-03-31,4.37,
2005-04-01,4.39,
2005-04-02,.,No value available
2005-04-03,.,No value available
2005-04-04,4.36,
2005-04-05,4.39,
2005-04-06,4.45,
2005-04-07,4.45,
2005-04-08,4.42,
2005-04-09,.,No value available
2005-04-10,.,No value available
2005-04-11,4.43,
2005-04-12,4.40,
2005-04-13,4.41,
2005-04-14,4.37,
2005-04-15,4.37,
2005-04-16,.,No value available
2005-04-17,.,No value available
2005-04-18,4.30,
2005-04-19,4.35,
2005-04-20,4.31,
2005-04-21,4.29,
2005-04-22,4.36,
2005-04-23,.,No value available
2005-04-24,.,No value available
2005-04-25,4.28,
2005-04-26,4.25,
2005-04-27,4.24,
2005-04-28,4.25,
2005-04-29,4.24,
2005-04-30,.,No value available
2005-05-01,.,No value available
2005-05-02,4.24,
2005-05-03,4.24,
2005-05-04,4.28,
2005-05-05,4.24,
2005-05-06,4.31,
2005-05-07,.,No value available
2005-05-08,.,No value available
2005-05-09,4.31,
2005-05-10,4.24,
2005-05-11,4.18,
2005-05-12,4.19,
2005-05-13,4.11,
2005-05-14,.,No value available
2005-05-15,.,No value available
2005-05-16,4.17,
2005-05-17,4.12,
2005-05-18,4.09,
2005-05-19,4.07,
2005-05-20,4.12,
2005-05-21,.,No value available
2005-05-22,.,No value available
2005-05-23,4.10,
2005-05-24,4.04,
2005-05-25,4.03,
2005-05-26,4.16,
2005-05-27,4.17,
2005-05-28,.,No value available
2005-05-29,.,No value available
2005-05-30,4.18,
2005-05-31,4.11,
2005-06-01,4.12,
2005-06-02,4.07,
2005-06-03,4.03,
2005-06-04,.,No value available
2005-06-05,.,No value available
2005-06-06,4.01,
2005-06-07,3.93,
2005-06-08,3.89,
2005-06-09,3.88,
2005-06-10,3.88,
2005-06-11,.,No value available
2005-06-12,.,No value available
2005-06-13,3.92,
2005-06-14,3.98,
2005-06-15,4.03,
2005-06-16,4.14,
2005-06-17,4.09,
2005-06-18,.,No value available
2005-06-19,.,No value available
2005-06-20,4.08,
2005-06-21,4.01,
2005-06-22,3.90,
2005-06-23,3.92,
2005-06-24,3.90,
2005-06-25,.,No value available
2005-06-26,.,No value available
2005-06-27,3.87,
2005-06-28,3.91,
2005-06-29,3.99,
2005-06-30,3.93,
2005-07-01,3.93,
2005-07-02,.,No value available
2005-07-03,.,No value available
2005-07-04,4.01,
2005-07-05,3.98,
2005-07-06,3.96,
2005-07-07,3.87,
2005-07-08,3.95,
2005-07-09,.,No value available
2005-07-10,.,No value available
2005-07-11,3.94,
2005-07-12,3.99,
2005-07-13,4.08,
2005-07-14,4.02,
2005-07-15,4.04,
2005-07-16,.,No value available
2005-07-17,.,No value available
2005-07-18,4.02,
2005-07-19,4.05,
2005-07-20,4.04,
2005-07-21,4.03,
2005-07-22,4.02,
2005-07-23,.,No value available
2005-07-24,.,No value available
2005-07-25,3.99,
2005-07-26,3.98,
2005-07-27,3.94,
2005-07-28,3.96,
2005-07-29,3.94,
2005-07-30,.,No value available
2005-07-31,.,No value available
2005-08-01,4.01,
2005-08-02,4.01,
2005-08-03,4.05,
2005-08-04,4.10,
2005-08-05,4.09,
2005-08-06,.,No value available
2005-08-07,.,No value available
2005-08-08,4.06,
2005-08-09,4.09,
2005-08-10,4.04,
2005-08-11,4.08,
2005-08-12,4.03,
2005-08-13,.,No value available
2005-08-14,.,No value available
2005-08-15,4.02,
2005-08-16,4.03,
2005-08-17,3.94,
2005-08-18,3.92,
2005-08-19,3.89,
2005-08-20,.,No value available
2005-08-21,.,No value available
2005-08-22,3.89,
2005-08-23,3.92,
2005-08-24,3.91,
2005-08-25,3.86,
2005-08-26,3.86,
2005-08-27,.,No value available
2005-08-28,.,No value available
2005-08-29,3.86,
2005-08-30,3.95,
2005-08-31,3.81,
2005-09-01,3.82,
2005-09-02,3.82,
2005-09-03,.,No value available
2005-09-04,.,No value available
2005-09-05,3.81,
2005-09-06,3.83,
2005-09-07,3.80,
2005-09-08,3.81,
2005-09-09,3.78,
2005-09-10,.,No value available
2005-09-11,.,No value available
2005-09-12,3.78,
2005-09-13,3.95,
2005-09-14,3.86,
2005-09-15,3.86,
2005-09-16,3.92,
2005-09-17,.,No value available
2005-09-18,.,No value available
2005-09-19,3.88,
2005-09-20,3.84,
2005-09-21,3.77,
2005-09-22,3.72,
2005-09-23,3.77,
2005-09-24,.,No value available
2005-09-25,.,No value available
2005-09-26,3.81,
2005-09-27,3.90,
2005-09-28,3.90,
2005-09-29,3.79,
2005-09-30,3.87,
2005-10-01,.,No value available
2005-10-02,.,No value available
2005-10-03,3.85,
2005-10-04,3.89,
2005-10-05,3.86,
2005-10-06,3.90,
2005-10-07,3.88,
2005-10-08,.,No value available
2005-10-09,.,No value available
2005-10-10,3.85,
2005-10-11,3.81,
2005-10-12,3.89,
2005-10-13,3.94,
2005-10-14,3.96,
2005-10-15,.,No value available
2005-10-16,.,No value available
2005-10-17,3.99,
2005-10-18,4.01,
2005-10-19,4.04,
2005-10-20,3.98,
2005-10-21,3.93,
2005-10-22,.,No value available
2005-10-23,.,No value available
2005-10-24,3.99,
2005-10-25,3.95,
2005-10-26,4.01,
2005-10-27,4.04,
2005-10-28,4.02,
2005-10-29,.,No value available
2005-10-30,.,No value available
2005-10-31,4.02,
2005-11-01,4.00,
2005-11-02,4.09,
2005-11-03,4.11,
2005-11-04,4.12,
2005-11-05,.,No value available
2005-11-06,.,No value available
2005-11-07,4.04,
2005-11-08,4.02,
2005-11-09,4.04,
2005-11-10,4.02,
2005-11-11,4.04,
2005-11-12,.,No value available
2005-11-13,.,No value available
2005-11-14,4.04,
2005-11-15,4.05,
2005-11-16,4.11,
2005-11-17,4.06,
2005-11-18,4.09,
2005-11-19,.,No value available
2005-11-20,.,No value available
2005-11-21,4.04,
2005-11-22,4.03,
2005-11-23,4.07,
2005-11-24,3.97,
2005-11-25,3.89,
2005-11-26,.,No value available
2005-11-27,.,No value available
2005-11-28,3.96,
2005-11-29,3.97,
2005-11-30,4.02,
2005-12-01,3.86,
2005-12-02,3.98,
2005-12-03,.,No value available
2005-12-04,.,No value available
2005-12-05,3.97,
2005-12-06,3.99,
2005-12-07,3.97,
2005-12-08,3.95,
2005-12-09,3.98,
2005-12-10,.,No value available
2005-12-11,.,No value available
2005-12-12,3.96,
2005-12-13,3.94,
2005-12-14,3.86,
2005-12-15,3.83,
2005-12-16,3.82,
2005-12-17,.,No value available
2005-12-18,.,No value available
2005-12-19,3.84,
2005-12-20,3.81,
2005-12-21,3.84,
2005-12-22,3.78,
2005-12-23,3.73,
2005-12-24,.,No value available
2005-12-25,.,No value available
2005-12-26,.,No value available
2005-12-27,3.82,
2005-12-28,3.81,
2005-12-29,3.69,
2005-12-30,3.80,
2005-12-31,.,No value available
2006-01-01,.,No value available
2006-01-02,3.82,
2006-01-03,3.76,
2006-01-04,3.74,
2006-01-05,3.75,
2006-01-06,3.70,
2006-01-07,.,No value available
2006-01-08,.,No value available
2006-01-09,3.69,
2006-01-10,3.62,
2006-01-11,3.66,
2006-01-12,3.67,
2006-01-13,3.64,
2006-01-14,.,No value available
2006-01-15,.,No value available
2006-01-16,3.65,
2006-01-17,3.65,
2006-01-18,3.63,
2006-01-19,3.69,
2006-01-20,3.72,
2006-01-21,.,No value available
2006-01-22,.,No value available
2006-01-23,3.74,
2006-01-24,3.76,
2006-01-25,3.79,
2006-01-26,3.87,
2006-01-27,3.90,
2006-01-28,.,No value available
2006-01-29,.,No value available
2006-01-30,3.90,
2006-01-31,3.90,
2006-02-01,3.84,
2006-02-02,3.88,
2006-02-03,3.87,
2006-02-04,.,No value available
2006-02-05,.,No value available
2006-02-06,3.87,
2006-02-07,3.86,
2006-02-08,3.90,
2006-02-09,3.89,
2006-02-10,3.84,
2006-02-11,.,No value available
2006-02-12,.,No value available
2006-02-13,3.88,
2006-02-14,3.88,
2006-02-15,3.90,
2006-02-16,3.92,
2006-02-17,3.88,
2006-02-18,.,No value available
2006-02-19,.,No value available
2006-02-20,3.85,
2006-02-21,3.88,
2006-02-22,3.86,
2006-02-23,3.82,
2006-02-24,3.86,
2006-02-25,.,No value available
2006-02-26,.,No value available
2006-02-27,3.89,
2006-02-28,3.87,
2006-03-01,3.87,
2006-03-02,3.86,
2006-03-03,3.88,
2006-03-04,.,No value available
2006-03-05,.,No value available
2006-03-06,3.88,
2006-03-07,3.90,
2006-03-08,3.93,
2006-03-09,4.02,
2006-03-10,4.04,
2006-03-11,.,No value available
2006-03-12,.,No value available
2006-03-13,4.08,
2006-03-14,4.06,
2006-03-15,4.02,
2006-03-16,4.06,
2006-03-17,3.98,
2006-03-18,.,No value available
2006-03-19,.,No value available
2006-03-20,4.03,
2006-03-21,4.01,
2006-03-22,3.98,
2006-03-23,3.97,
2006-03-24,4.01,
2006-03-25,.,No value available
2006-03-26,.,No value available
2006-03-27,3.98,
2006-03-28,4.04,
2006-03-29,4.09,
2006-03-30,4.11,
2006-03-31,4.11,
2006-04-01,.,No value available
2006-04-02,.,No value available
2006-04-03,4.11,
2006-04-04,4.16,
2006-04-05,4.21,
2006-04-06,4.27,
2006-04-07,4.32,
2006-04-08,.,No value available
2006-04-09,.,No value available
2006-04-10,4.35,
2006-04-11,4.29,
2006-04-12,4.28,
2006-04-13,4.33,
2006-04-14,.,No value available
2006-04-15,.,No value available
2006-04-16,.,No value available
2006-04-17,.,No value available
2006-04-18,4.33,
2006-04-19,4.29,
2006-04-20,4.34,
2006-04-21,4.32,
2006-04-22,.,No value available
2006-04-23,.,No value available
2006-04-24,4.35,
2006-04-25,4.38,
2006-04-26,4.36,
2006-04-27,4.38,
2006-04-28,4.35,
2006-04-29,.,No value available
2006-04-30,.,No value available
2006-05-01,.,No value available
2006-05-02,4.34,
2006-05-03,4.34,
2006-05-04,4.37,
2006-05-05,4.41,
2006-05-06,.,No value available
2006-05-07,.,No value available
2006-05-08,4.36,
2006-05-09,4.40,
2006-05-10,4.41,
2006-05-11,4.43,
2006-05-12,4.45,
2006-05-13,.,No value available
2006-05-14,.,No value available
2006-05-15,4.47,
2006-05-16,4.42,
2006-05-17,4.42,
2006-05-18,4.54,
2006-05-19,4.47,
2006-05-20,.,No value available
2006-05-21,.,No value available
2006-05-22,4.41,
2006-05-23,4.39,
2006-05-24,4.34,
2006-05-25,4.33,
2006-05-26,4.34,
2006-05-27,.,No value available
2006-05-28,.,No value available
2006-05-29,4.35,
2006-05-30,4.35,
2006-05-31,4.39,
2006-06-01,4.43,
2006-06-02,4.43,
2006-06-03,.,No value available
2006-06-04,.,No value available
2006-06-05,4.35,
2006-06-06,4.40,
2006-06-07,4.41,
2006-06-08,4.37,
2006-06-09,4.36,
2006-06-10,.,No value available
2006-06-11,.,No value available
2006-06-12,4.35,
2006-06-13,4.29,
2006-06-14,4.31,
2006-06-15,4.36,
2006-06-16,4.38,
2006-06-17,.,No value available
2006-06-18,.,No value available
2006-06-19,4.40,
2006-06-20,4.36,
2006-06-21,4.41,
2006-06-22,4.43,
2006-06-23,4.48,
2006-06-24,.,No value available
2006-06-25,.,No value available
2006-06-26,4.49,
2006-06-27,4.48,
2006-06-28,4.46,
2006-06-29,4.46,
2006-06-30,4.46,
2006-07-01,.,No value available
2006-07-02,.,No value available
2006-07-03,4.43,
2006-07-04,4.43,
2006-07-05,4.46,
2006-07-06,4.49,
2006-07-07,4.45,
2006-07-08,.,No value available
2006-07-09,.,No value available
2006-07-10,4.43,
2006-07-11,4.43,
2006-07-12,4.45,
2006-07-13,4.43,
2006-07-14,4.41,
2006-07-15,.,No value available
2006-07-16,.,No value available
2006-07-17,4.40,
2006-07-18,4.40,
2006-07-19,4.43,
2006-07-20,4.38,
2006-07-21,4.37,
2006-07-22,.,No value available
2006-07-23,.,No value available
2006-07-24,4.36,
2006-07-25,4.33,
2006-07-26,4.39,
2006-07-27,4.36,
2006-07-28,4.36,
2006-07-29,.,No value available
2006-07-30,.,No value available
2006-07-31,4.34,
2006-08-01,4.34,
2006-08-02,4.32,
2006-08-03,4.33,
2006-08-04,4.34,
2006-08-05,.,No value available
2006-08-06,.,No value available
2006-08-07,4.28,
2006-08-08,4.28,
2006-08-09,4.31,
2006-08-10,4.30,
2006-08-11,4.33,
2006-08-12,.,No value available
2006-08-13,.,No value available
2006-08-14,4.36,
2006-08-15,4.36,
2006-08-16,4.33,
2006-08-17,4.27,
2006-08-18,4.27,
2006-08-19,.,No value available
2006-08-20,.,No value available
2006-08-21,4.22,
2006-08-22,4.18,
2006-08-23,4.18,
2006-08-24,4.19,
2006-08-25,4.16,
2006-08-26,.,No value available
2006-08-27,.,No value available
2006-08-28,4.17,
2006-08-29,4.18,
2006-08-30,4.18,
2006-08-31,4.17,
2006-09-01,4.13,
2006-09-02,.,No value available
2006-09-03,.,No value available
2006-09-04,4.12,
2006-09-05,4.13,
2006-09-06,4.16,
2006-09-07,4.18,
2006-09-08,4.14,
2006-09-09,.,No value available
2006-09-10,.,No value available
2006-09-11,4.12,
2006-09-12,4.15,
2006-09-13,4.12,
2006-09-14,4.11,
2006-09-15,4.11,
2006-09-16,.,No value available
2006-09-17,.,No value available
2006-09-18,4.12,
2006-09-19,4.10,
2006-09-20,4.07,
2006-09-21,4.08,
2006-09-22,4.01,
2006-09-23,.,No value available
2006-09-24,.,No value available
2006-09-25,3.99,
2006-09-26,3.97,
2006-09-27,3.96,
2006-09-28,3.95,
2006-09-29,3.95,
2006-09-30,.,No value available
2006-10-01,.,No value available
2006-10-02,4.01,
2006-10-03,3.97,
2006-10-04,4.01,
2006-10-05,3.99,
2006-10-06,3.99,
2006-10-07,.,No value available
2006-10-08,.,No value available
2006-10-09,4.02,
2006-10-10,4.05,
2006-10-11,4.05,
2006-10-12,4.06,
2006-10-13,4.06,
2006-10-14,.,No value available
2006-10-15,.,No value available
2006-10-16,4.07,
2006-10-17,4.05,
2006-10-18,4.04,
2006-10-19,4.07,
2006-10-20,4.07,
2006-10-21,.,No value available
2006-10-22,.,No value available
2006-10-23,4.09,
2006-10-24,4.09,
2006-10-25,4.09,
2006-10-26,4.07,
2006-10-27,4.03,
2006-10-28,.,No value available
2006-10-29,.,No value available
2006-10-30,3.99,
2006-10-31,3.96,
2006-11-01,3.93,
2006-11-02,3.90,
2006-11-03,3.92,
2006-11-04,.,No value available
2006-11-05,.,No value available
2006-11-06,3.97,
2006-11-07,3.95,
2006-11-08,3.90,
2006-11-09,3.94,
2006-11-10,3.93,
2006-11-11,.,No value available
2006-11-12,.,No value available
2006-11-13,3.91,
2006-11-14,3.93,
2006-11-15,3.90,
2006-11-16,3.92,
2006-11-17,3.95,
2006-11-18,.,No value available
2006-11-19,.,No value available
2006-11-20,3.90,
2006-11-21,3.88,
2006-11-22,3.90,
2006-11-23,3.94,
2006-11-24,3.91,
2006-11-25,.,No value available
2006-11-26,.,No value available
2006-11-27,3.95,
2006-11-28,3.94,
2006-11-29,3.93,
2006-11-30,3.95,
2006-12-01,3.93,
2006-12-02,.,No value available
2006-12-03,.,No value available
2006-12-04,3.89,
2006-12-05,3.90,
2006-12-06,3.90,
2006-12-07,3.90,
2006-12-08,3.91,
2006-12-09,.,No value available
2006-12-10,.,No value available
2006-12-11,3.93,
2006-12-12,3.94,
2006-12-13,3.89,
2006-12-14,3.96,
2006-12-15,3.95,
2006-12-16,.,No value available
2006-12-17,.,No value available
2006-12-18,3.99,
2006-12-19,4.03,
2006-12-20,4.05,
2006-12-21,4.06,
2006-12-22,4.06,
2006-12-23,.,No value available
2006-12-24,.,No value available
2006-12-25,.,No value available
2006-12-26,.,No value available
2006-12-27,4.09,
2006-12-28,4.13,
2006-12-29,4.13,
2006-12-30,.,No value available
2006-12-31,.,No value available
2007-01-01,.,No value available
2007-01-02,4.11,
2007-01-03,4.11,
2007-01-04,4.11,
2007-01-05,4.11,
2007-01-06,.,No value available
2007-01-07,.,No value available
2007-01-08,4.17,
2007-01-09,4.17,
2007-01-10,4.20,
2007-01-11,4.22,
2007-01-12,4.26,
2007-01-13,.,No value available
2007-01-14,.,No value available
2007-01-15,4.26,
2007-01-16,4.25,
2007-01-17,4.21,
2007-01-18,4.28,
2007-01-19,4.21,
2007-01-20,.,No value available
2007-01-21,.,No value available
2007-01-22,4.21,
2007-01-23,4.17,
2007-01-24,4.22,
2007-01-25,4.20,
2007-01-26,4.25,
2007-01-27,.,No value available
2007-01-28,.,No value available
2007-01-29,4.28,
2007-01-30,4.30,
2007-01-31,4.28,
2007-02-01,4.27,
2007-02-02,4.29,
2007-02-03,.,No value available
2007-02-04,.,No value available
2007-02-05,4.26,
2007-02-06,4.24,
2007-02-07,4.25,
2007-02-08,4.24,
2007-02-09,4.24,
2007-02-10,.,No value available
2007-02-11,.,No value available
2007-02-12,4.30,
2007-02-13,4.31,
2007-02-14,4.32,
2007-02-15,4.26,
2007-02-16,4.23,
2007-02-17,.,No value available
2007-02-18,.,No value available
2007-02-19,4.26,
2007-02-20,4.29,
2007-02-21,4.22,
2007-02-22,4.25,
2007-02-23,4.25,
2007-02-24,.,No value available
2007-02-25,.,No value available
2007-02-26,4.19,
2007-02-27,4.17,
2007-02-28,4.17,
2007-03-01,4.18,
2007-03-02,4.18,
2007-03-03,.,No value available
2007-03-04,.,No value available
2007-03-05,4.16,
2007-03-06,4.16,
2007-03-07,4.18,
2007-03-08,4.19,
2007-03-09,4.18,
2007-03-10,.,No value available
2007-03-11,.,No value available
2007-03-12,4.22,
2007-03-13,4.18,
2007-03-14,4.16,
2007-03-15,4.18,
2007-03-16,4.16,
2007-03-17,.,No value available
2007-03-18,.,No value available
2007-03-19,4.18,
2007-03-20,4.18,
2007-03-21,4.16,
2007-03-22,4.19,
2007-03-23,4.26,
2007-03-24,.,No value available
2007-03-25,.,No value available
2007-03-26,4.31,
2007-03-27,4.32,
2007-03-28,4.32,
2007-03-29,4.37,
2007-03-30,4.34,
2007-03-31,.,No value available
2007-04-01,.,No value available
2007-04-02,4.33,
2007-04-03,4.37,
2007-04-04,4.38,
2007-04-05,4.40,
2007-04-06,.,No value available
2007-04-07,.,No value available
2007-04-08,.,No value available
2007-04-09,.,No value available
2007-04-10,4.43,
2007-04-11,4.44,
2007-04-12,4.46,
2007-04-13,4.53,
2007-04-14,.,No value available
2007-04-15,.,No value available
2007-04-16,4.54,
2007-04-17,4.56,
2007-04-18,4.47,
2007-04-19,4.44,
2007-04-20,4.49,
2007-04-21,.,No value available
2007-04-22,.,No value available
2007-04-23,4.45,
2007-04-24,4.42,
2007-04-25,4.46,
2007-04-26,4.47,
2007-04-27,4.47,
2007-04-28,.,No value available
2007-04-29,.,No value available
2007-04-30,4.47,
2007-05-01,.,No value available
2007-05-02,4.46,
2007-05-03,4.49,
2007-05-04,4.49,
2007-05-05,.,No value available
2007-05-06,.,No value available
2007-05-07,4.49,
2007-05-08,4.49,
2007-05-09,4.49,
2007-05-10,4.50,
2007-05-11,4.44,
2007-05-12,.,No value available
2007-05-13,.,No value available
2007-05-14,4.53,
2007-05-15,4.56,
2007-05-16,4.56,
2007-05-17,4.54,
2007-05-18,4.56,
2007-05-19,.,No value available
2007-05-20,.,No value available
2007-05-21,4.56,
2007-05-22,4.58,
2007-05-23,4.61,
2007-05-24,4.59,
2007-05-25,4.59,
2007-05-26,.,No value available
2007-05-27,.,No value available
2007-05-28,.,No value available
2007-05-29,4.62,
2007-05-30,4.62,
2007-05-31,4.62,
2007-06-01,4.64,
2007-06-02,.,No value available
2007-06-03,.,No value available
2007-06-04,4.69,
2007-06-05,4.68,
2007-06-06,4.71,
2007-06-07,4.74,
2007-06-08,4.84,
2007-06-09,.,No value available
2007-06-10,.,No value available
2007-06-11,4.80,
2007-06-12,4.84,
2007-06-13,4.97,
2007-06-14,4.91,
2007-06-15,4.97,
2007-06-16,.,No value available
2007-06-17,.,No value available
2007-06-18,4.93,
2007-06-19,4.95,
2007-06-20,4.88,
2007-06-21,4.92,
2007-06-22,4.91,
2007-06-23,.,No value available
2007-06-24,.,No value available
2007-06-25,4.88,
2007-06-26,4.84,
2007-06-27,4.80,
2007-06-28,4.83,
2007-06-29,4.79,
2007-06-30,.,No value available
2007-07-01,.,No value available
2007-07-02,4.75,
2007-07-03,4.76,
2007-07-04,4.82,
2007-07-05,4.86,
2007-07-06,4.87,
2007-07-07,.,No value available
2007-07-08,.,No value available
2007-07-09,4.90,
2007-07-10,4.86,
2007-07-11,4.78,
2007-07-12,4.83,
2007-07-13,4.84,
2007-07-14,.,No value available
2007-07-15,.,No value available
2007-07-16,4.82,
2007-07-17,4.76,
2007-07-18,4.78,
2007-07-19,4.81,
2007-07-20,4.73,
2007-07-21,.,No value available
2007-07-22,.,No value available
2007-07-23,4.64,
2007-07-24,4.67,
2007-07-25,4.64,
2007-07-26,4.64,
2007-07-27,4.58,
2007-07-28,.,No value available
2007-07-29,.,No value available
2007-07-30,4.57,
2007-07-31,4.60,
2007-08-01,4.54,
2007-08-02,4.58,
2007-08-03,4.59,
2007-08-04,.,No value available
2007-08-05,.,No value available
2007-08-06,4.57,
2007-08-07,4.60,
2007-08-08,4.66,
2007-08-09,4.63,
2007-08-10,4.64,
2007-08-11,.,No value available
2007-08-12,.,No value available
2007-08-13,4.64,
2007-08-14,4.64,
2007-08-15,4.61,
2007-08-16,4.61,
2007-08-17,4.59,
2007-08-18,.,No value available
2007-08-19,.,No value available
2007-08-20,4.68,
2007-08-21,4.67,
2007-08-22,4.66,
2007-08-23,4.67,
2007-08-24,4.64,
2007-08-25,.,No value available
2007-08-26,.,No value available
2007-08-27,4.67,
2007-08-28,4.64,
2007-08-29,4.66,
2007-08-30,4.70,
2007-08-31,4.70,
2007-09-01,.,No value available
2007-09-02,.,No value available
2007-09-03,4.69,
2007-09-04,4.68,
2007-09-05,4.72,
2007-09-06,4.69,
2007-09-07,4.70,
2007-09-08,.,No value available
2007-09-09,.,No value available
2007-09-10,4.63,
2007-09-11,4.61,
2007-09-12,4.62,
2007-09-13,4.64,
2007-09-14,4.65,
2007-09-15,.,No value available
2007-09-16,.,No value available
2007-09-17,4.62,
2007-09-18,4.63,
2007-09-19,4.74,
2007-09-20,4.76,
2007-09-21,4.83,
2007-09-22,.,No value available
2007-09-23,.,No value available
2007-09-24,4.87,
2007-09-25,4.80,
2007-09-26,4.81,
2007-09-27,4.83,
2007-09-28,4.78,
2007-09-29,.,No value available
2007-09-30,.,No value available
2007-10-01,4.77,
2007-10-02,4.78,
2007-10-03,4.72,
2007-10-04,4.74,
2007-10-05,4.69,
2007-10-06,.,No value available
2007-10-07,.,No value available
2007-10-08,4.74,
2007-10-09,4.74,
2007-10-10,4.73,
2007-10-11,4.76,
2007-10-12,4.75,
2007-10-13,.,No value available
2007-10-14,.,No value available
2007-10-15,4.81,
2007-10-16,4.83,
2007-10-17,4.83,
2007-10-18,4.80,
2007-10-19,4.72,
2007-10-20,.,No value available
2007-10-21,.,No value available
2007-10-22,4.64,
2007-10-23,4.67,
2007-10-24,4.64,
2007-10-25,4.63,
2007-10-26,4.62,
2007-10-27,.,No value available
2007-10-28,.,No value available
2007-10-29,4.65,
2007-10-30,4.65,
2007-10-31,4.66,
2007-11-01,4.74,
2007-11-02,4.64,
2007-11-03,.,No value available
2007-11-04,.,No value available
2007-11-05,4.60,
2007-11-06,4.65,
2007-11-07,4.63,
2007-11-08,4.64,
2007-11-09,4.65,
2007-11-10,.,No value available
2007-11-11,.,No value available
2007-11-12,4.65,
2007-11-13,4.63,
2007-11-14,4.68,
2007-11-15,4.66,
2007-11-16,4.64,
2007-11-17,.,No value available
2007-11-18,.,No value available
2007-11-19,4.67,
2007-11-20,4.64,
2007-11-21,4.66,
2007-11-22,4.70,
2007-11-23,4.72,
2007-11-24,.,No value available
2007-11-25,.,No value available
2007-11-26,4.73,
2007-11-27,4.68,
2007-11-28,4.75,
2007-11-29,4.78,
2007-11-30,4.76,
2007-12-01,.,No value available
2007-12-02,.,No value available
2007-12-03,4.79,
2007-12-04,4.73,
2007-12-05,4.70,
2007-12-06,4.71,
2007-12-07,4.76,
2007-12-08,.,No value available
2007-12-09,.,No value available
2007-12-10,4.78,
2007-12-11,4.83,
2007-12-12,4.83,
2007-12-13,4.84,
2007-12-14,4.80,
2007-12-15,.,No value available
2007-12-16,.,No value available
2007-12-17,4.80,
2007-12-18,4.78,
2007-12-19,4.73,
2007-12-20,4.75,
2007-12-21,4.75,
2007-12-22,.,No value available
2007-12-23,.,No value available
2007-12-24,.,No value available
2007-12-25,.,No value available
2007-12-26,.,No value available
2007-12-27,4.82,
2007-12-28,4.78,
2007-12-29,.,No value available
2007-12-30,.,No value available
2007-12-31,.,No value available
2008-01-01,.,No value available
2008-01-02,4.80,
2008-01-03,4.68,
2008-01-04,4.69,
2008-01-05,.,No value available
2008-01-06,.,No value available
2008-01-07,4.69,
2008-01-08,4.69,
2008-01-09,4.70,
2008-01-10,4.68,
2008-01-11,4.75,
2008-01-12,.,No value available
2008-01-13,.,No value available
2008-01-14,4.67,
2008-01-15,4.74,
2008-01-16,4.69,
2008-01-17,4.71,
2008-01-18,4.72,
2008-01-19,.,No value available
2008-01-20,.,No value available
2008-01-21,4.72,
2008-01-22,4.69,
2008-01-23,4.76,
2008-01-24,4.81,
2008-01-25,4.82,
2008-01-26,.,No value available
2008-01-27,.,No value available
2008-01-28,4.75,
2008-01-29,4.78,
2008-01-30,4.81,
2008-01-31,4.79,
2008-02-01,4.72,
2008-02-02,.,No value available
2008-02-03,.,No value available
2008-02-04,4.71,
2008-02-05,4.68,
2008-02-06,4.65,
2008-02-07,4.67,
2008-02-08,4.75,
2008-02-09,.,No value available
2008-02-10,.,No value available
2008-02-11,4.69,
2008-02-12,4.70,
2008-02-13,4.77,
2008-02-14,4.80,
2008-02-15,4.81,
2008-02-16,.,No value available
2008-02-17,.,No value available
2008-02-18,4.81,
2008-02-19,4.80,
2008-02-20,4.82,
2008-02-21,4.81,
2008-02-22,4.80,
2008-02-23,.,No value available
2008-02-24,.,No value available
2008-02-25,4.86,
2008-02-26,4.90,
2008-02-27,4.89,
2008-02-28,4.91,
2008-02-29,4.81,
2008-03-01,.,No value available
2008-03-02,.,No value available
2008-03-03,4.72,
2008-03-04,4.79,
2008-03-05,4.82,
2008-03-06,4.88,
2008-03-07,4.83,
2008-03-08,.,No value available
2008-03-09,.,No value available
2008-03-10,4.87,
2008-03-11,4.83,
2008-03-12,4.84,
2008-03-13,4.79,
2008-03-14,4.84,
2008-03-15,.,No value available
2008-03-16,.,No value available
2008-03-17,4.82,
2008-03-18,4.91,
2008-03-19,4.84,
2008-03-20,4.79,
2008-03-21,.,No value available
2008-03-22,.,No value available
2008-03-23,.,No value available
2008-03-24,.,No value available
2008-03-25,4.76,
2008-03-26,4.82,
2008-03-27,4.92,
2008-03-28,4.94,
2008-03-29,.,No value available
2008-03-30,.,No value available
2008-03-31,4.93,
2008-04-01,4.89,
2008-04-02,4.87,
2008-04-03,4.88,
2008-04-04,4.86,
2008-04-05,.,No value available
2008-04-06,.,No value available
2008-04-07,4.85,
2008-04-08,4.84,
2008-04-09,4.85,
2008-04-10,4.80,
2008-04-11,4.83,
2008-04-12,.,No value available
2008-04-13,.,No value available
2008-04-14,4.73,
2008-04-15,4.69,
2008-04-16,4.80,
2008-04-17,4.91,
2008-04-18,4.96,
2008-04-19,.,No value available
2008-04-20,.,No value available
2008-04-21,4.95,
2008-04-22,4.97,
2008-04-23,4.92,
2008-04-24,4.93,
2008-04-25,5.01,
2008-04-26,.,No value available
2008-04-27,.,No value available
2008-04-28,5.01,
2008-04-29,4.98,
2008-04-30,4.91,
2008-05-01,.,No value available
2008-05-02,4.85,
2008-05-03,.,No value available
2008-05-04,.,No value available
2008-05-05,4.86,
2008-05-06,4.86,
2008-05-07,4.87,
2008-05-08,4.83,
2008-05-09,4.76,
2008-05-10,.,No value available
2008-05-11,.,No value available
2008-05-12,4.80,
2008-05-13,4.79,
2008-05-14,4.96,
2008-05-15,5.02,
2008-05-16,4.97,
2008-05-17,.,No value available
2008-05-18,.,No value available
2008-05-19,4.93,
2008-05-20,4.96,
2008-05-21,4.98,
2008-05-22,5.00,
2008-05-23,4.96,
2008-05-24,.,No value available
2008-05-25,.,No value available
2008-05-26,4.96,
2008-05-27,4.98,
2008-05-28,5.02,
2008-05-29,5.09,
2008-05-30,5.09,
2008-05-31,.,No value available
2008-06-01,.,No value available
2008-06-02,5.03,
2008-06-03,5.08,
2008-06-04,5.06,
2008-06-05,5.09,
2008-06-06,4.96,
2008-06-07,.,No value available
2008-06-08,.,No value available
2008-06-09,4.77,
2008-06-10,4.94,
2008-06-11,5.01,
2008-06-12,5.07,
2008-06-13,5.06,
2008-06-14,.,No value available
2008-06-15,.,No value available
2008-06-16,4.96,
2008-06-17,4.94,
2008-06-18,4.92,
2008-06-19,4.86,
2008-06-20,4.87,
2008-06-21,.,No value available
2008-06-22,.,No value available
2008-06-23,4.85,
2008-06-24,4.93,
2008-06-25,4.97,
2008-06-26,4.97,
2008-06-27,5.01,
2008-06-28,.,No value available
2008-06-29,.,No value available
2008-06-30,5.08,
2008-07-01,5.03,
2008-07-02,5.04,
2008-07-03,5.01,
2008-07-04,5.05,
2008-07-05,.,No value available
2008-07-06,.,No value available
2008-07-07,4.98,
2008-07-08,4.99,
2008-07-09,4.99,
2008-07-10,4.95,
2008-07-11,4.97,
2008-07-12,.,No value available
2008-07-13,.,No value available
2008-07-14,4.99,
2008-07-15,4.89,
2008-07-16,4.91,
2008-07-17,4.91,
2008-07-18,4.95,
2008-07-19,.,No value available
2008-07-20,.,No value available
2008-07-21,5.06,
2008-07-22,5.06,
2008-07-23,5.03,
2008-07-24,5.01,
2008-07-25,4.93,
2008-07-26,.,No value available
2008-07-27,.,No value available
2008-07-28,5.00,
2008-07-29,4.98,
2008-07-30,4.92,
2008-07-31,4.83,
2008-08-01,4.75,
2008-08-02,.,No value available
2008-08-03,.,No value available
2008-08-04,4.73,
2008-08-05,4.75,
2008-08-06,4.75,
2008-08-07,4.77,
2008-08-08,4.78,
2008-08-09,.,No value available
2008-08-10,.,No value available
2008-08-11,4.78,
2008-08-12,4.75,
2008-08-13,4.72,
2008-08-14,4.72,
2008-08-15,4.72,
2008-08-16,.,No value available
2008-08-17,.,No value available
2008-08-18,4.69,
2008-08-19,4.70,
2008-08-20,4.72,
2008-08-21,4.74,
2008-08-22,4.74,
2008-08-23,.,No value available
2008-08-24,.,No value available
2008-08-25,4.72,
2008-08-26,4.68,
2008-08-27,4.70,
2008-08-28,4.72,
2008-08-29,4.63,
2008-08-30,.,No value available
2008-08-31,.,No value available
2008-09-01,4.63,
2008-09-02,4.68,
2008-09-03,4.65,
2008-09-04,4.71,
2008-09-05,4.64,
2008-09-06,.,No value available
2008-09-07,.,No value available
2008-09-08,4.71,
2008-09-09,4.72,
2008-09-10,4.68,
2008-09-11,4.71,
2008-09-12,4.78,
2008-09-13,.,No value available
2008-09-14,.,No value available
2008-09-15,4.76,
2008-09-16,4.76,
2008-09-17,4.69,
2008-09-18,4.85,
2008-09-19,4.94,
2008-09-20,.,No value available
2008-09-21,.,No value available
2008-09-22,5.16,
2008-09-23,5.16,
2008-09-24,5.11,
2008-09-25,5.06,
2008-09-26,5.05,
2008-09-27,.,No value available
2008-09-28,.,No value available
2008-09-29,5.02,
2008-09-30,4.89,
2008-10-01,4.76,
2008-10-02,4.82,
2008-10-03,4.59,
2008-10-04,.,No value available
2008-10-05,.,No value available
2008-10-06,4.54,
2008-10-07,4.42,
2008-10-08,4.19,
2008-10-09,4.56,
2008-10-10,4.45,
2008-10-11,.,No value available
2008-10-12,.,No value available
2008-10-13,4.81,
2008-10-14,4.79,
2008-10-15,4.88,
2008-10-16,5.00,
2008-10-17,4.93,
2008-10-18,.,No value available
2008-10-19,.,No value available
2008-10-20,4.89,
2008-10-21,4.68,
2008-10-22,4.57,
2008-10-23,4.50,
2008-10-24,4.38,
2008-10-25,.,No value available
2008-10-26,.,No value available
2008-10-27,4.43,
2008-10-28,4.52,
2008-10-29,4.51,
2008-10-30,4.56,
2008-10-31,4.47,
2008-11-01,.,No value available
2008-11-02,.,No value available
2008-11-03,4.61,
2008-11-04,4.54,
2008-11-05,4.42,
2008-11-06,4.50,
2008-11-07,4.44,
2008-11-08,.,No value available
2008-11-09,.,No value available
2008-11-10,4.41,
2008-11-11,4.48,
2008-11-12,4.47,
2008-11-13,4.51,
2008-11-14,4.56,
2008-11-15,.,No value available
2008-11-16,.,No value available
2008-11-17,4.51,
2008-11-18,4.46,
2008-11-19,4.41,
2008-11-20,4.34,
2008-11-21,4.26,
2008-11-22,.,No value available
2008-11-23,.,No value available
2008-11-24,4.22,
2008-11-25,4.20,
2008-11-26,3.99,
2008-11-27,3.92,
2008-11-28,3.84,
2008-11-29,.,No value available
2008-11-30,.,No value available
2008-12-01,3.83,
2008-12-02,3.72,
2008-12-03,3.51,
2008-12-04,3.26,
2008-12-05,3.57,
2008-12-06,.,No value available
2008-12-07,.,No value available
2008-12-08,3.70,
2008-12-09,3.77,
2008-12-10,3.80,
2008-12-11,3.93,
2008-12-12,3.88,
2008-12-13,.,No value available
2008-12-14,.,No value available
2008-12-15,4.05,
2008-12-16,3.96,
2008-12-17,3.82,
2008-12-18,3.87,
2008-12-19,3.73,
2008-12-20,.,No value available
2008-12-21,.,No value available
2008-12-22,3.81,
2008-12-23,3.80,
2008-12-24,.,No value available
2008-12-25,.,No value available
2008-12-26,.,No value available
2008-12-27,.,No value available
2008-12-28,.,No value available
2008-12-29,3.77,
2008-12-30,3.79,
2008-12-31,.,No value available
2009-01-01,.,No value available
2009-01-02,3.77,
2009-01-03,.,No value available
2009-01-04,.,No value available
2009-01-05,3.80,
2009-01-06,3.88,
2009-01-07,4.00,
2009-01-08,4.16,
2009-01-09,4.03,
2009-01-10,.,No value available
2009-01-11,.,No value available
2009-01-12,4.06,
2009-01-13,4.08,
2009-01-14,4.18,
2009-01-15,4.12,
2009-01-16,4.11,
2009-01-17,.,No value available
2009-01-18,.,No value available
2009-01-19,4.21,
2009-01-20,4.17,
2009-01-21,4.18,
2009-01-22,4.21,
2009-01-23,4.29,
2009-01-24,.,No value available
2009-01-25,.,No value available
2009-01-26,4.51,
2009-01-27,4.44,
2009-01-28,4.30,
2009-01-29,4.18,
2009-01-30,4.06,
2009-01-31,.,No value available
2009-02-01,.,No value available
2009-02-02,4.13,
2009-02-03,4.06,
2009-02-04,4.12,
2009-02-05,4.17,
2009-02-06,4.11,
2009-02-07,.,No value available
2009-02-08,.,No value available
2009-02-09,4.15,
2009-02-10,4.11,
2009-02-11,4.04,
2009-02-12,3.95,
2009-02-13,4.00,
2009-02-14,.,No value available
2009-02-15,.,No value available
2009-02-16,3.87,
2009-02-17,3.81,
2009-02-18,3.76,
2009-02-19,4.04,
2009-02-20,4.01,
2009-02-21,.,No value available
2009-02-22,.,No value available
2009-02-23,4.07,
2009-02-24,4.01,
2009-02-25,4.01,
2009-02-26,3.98,
2009-02-27,4.04,
2009-02-28,.,No value available
2009-03-01,.,No value available
2009-03-02,3.98,
2009-03-03,4.03,
2009-03-04,4.09,
2009-03-05,4.18,
2009-03-06,4.04,
2009-03-07,.,No value available
2009-03-08,.,No value available
2009-03-09,4.03,
2009-03-10,4.04,
2009-03-11,4.13,
2009-03-12,4.16,
2009-03-13,4.31,
2009-03-14,.,No value available
2009-03-15,.,No value available
2009-03-16,4.39,
2009-03-17,4.40,
2009-03-18,4.48,
2009-03-19,4.33,
2009-03-20,4.33,
2009-03-21,.,No value available
2009-03-22,.,No value available
2009-03-23,4.26,
2009-03-24,4.38,
2009-03-25,4.40,
2009-03-26,4.44,
2009-03-27,4.33,
2009-03-28,.,No value available
2009-03-29,.,No value available
2009-03-30,4.24,
2009-03-31,4.21,
2009-04-01,4.21,
2009-04-02,4.27,
2009-04-03,4.32,
2009-04-04,.,No value available
2009-04-05,.,No value available
2009-04-06,4.47,
2009-04-07,4.50,
2009-04-08,4.43,
2009-04-09,4.50,
2009-04-10,.,No value available
2009-04-11,.,No value available
2009-04-12,.,No value available
2009-04-13,.,No value available
2009-04-14,4.38,
2009-04-15,4.36,
2009-04-16,4.43,
2009-04-17,4.37,
2009-04-18,.,No value available
2009-04-19,.,No value available
2009-04-20,4.31,
2009-04-21,4.30,
2009-04-22,4.25,
2009-04-23,4.24,
2009-04-24,4.20,
2009-04-25,.,No value available
2009-04-26,.,No value available
2009-04-27,4.20,
2009-04-28,4.17,
2009-04-29,4.16,
2009-04-30,4.14,
2009-05-01,.,No value available
2009-05-02,.,No value available
2009-05-03,.,No value available
2009-05-04,4.16,
2009-05-05,4.16,
2009-05-06,4.19,
2009-05-07,4.33,
2009-05-08,4.43,
2009-05-09,.,No value available
2009-05-10,.,No value available
2009-05-11,4.39,
2009-05-12,4.43,
2009-05-13,4.40,
2009-05-14,4.44,
2009-05-15,4.44,
2009-05-16,.,No value available
2009-05-17,.,No value available
2009-05-18,4.42,
2009-05-19,4.43,
2009-05-20,4.47,
2009-05-21,4.54,
2009-05-22,4.55,
2009-05-23,.,No value available
2009-05-24,.,No value available
2009-05-25,4.61,
2009-05-26,4.69,
2009-05-27,4.73,
2009-05-28,4.74,
2009-05-29,4.67,
2009-05-30,.,No value available
2009-05-31,.,No value available
2009-06-01,4.71,
2009-06-02,4.78,
2009-06-03,4.65,
2009-06-04,4.61,
2009-06-05,4.60,
2009-06-06,.,No value available
2009-06-07,.,No value available
2009-06-08,4.57,
2009-06-09,4.56,
2009-06-10,4.56,
2009-06-11,4.61,
2009-06-12,4.60,
2009-06-13,.,No value available
2009-06-14,.,No value available
2009-06-15,4.59,
2009-06-16,4.60,
2009-06-17,4.57,
2009-06-18,4.60,
2009-06-19,4.68,
2009-06-20,.,No value available
2009-06-21,.,No value available
2009-06-22,4.63,
2009-06-23,4.65,
2009-06-24,4.62,
2009-06-25,4.62,
2009-06-26,4.60,
2009-06-27,.,No value available
2009-06-28,.,No value available
2009-06-29,4.58,
2009-06-30,4.53,
2009-07-01,4.52,
2009-07-02,4.52,
2009-07-03,4.46,
2009-07-04,.,No value available
2009-07-05,.,No value available
2009-07-06,4.41,
2009-07-07,4.43,
2009-07-08,4.44,
2009-07-09,4.44,
2009-07-10,4.44,
2009-07-11,.,No value available
2009-07-12,.,No value available
2009-07-13,4.38,
2009-07-14,4.38,
2009-07-15,4.39,
2009-07-16,4.41,
2009-07-17,4.40,
2009-07-18,.,No value available
2009-07-19,.,No value available
2009-07-20,4.53,
2009-07-21,4.53,
2009-07-22,4.50,
2009-07-23,4.51,
2009-07-24,4.54,
2009-07-25,.,No value available
2009-07-26,.,No value available
2009-07-27,4.55,
2009-07-28,4.50,
2009-07-29,4.43,
2009-07-30,4.46,
2009-07-31,4.34,
2009-08-01,.,No value available
2009-08-02,.,No value available
2009-08-03,4.29,
2009-08-04,4.30,
2009-08-05,4.29,
2009-08-06,4.25,
2009-08-07,4.28,
2009-08-08,.,No value available
2009-08-09,.,No value available
2009-08-10,4.33,
2009-08-11,4.30,
2009-08-12,4.31,
2009-08-13,4.35,
2009-08-14,4.31,
2009-08-15,.,No value available
2009-08-16,.,No value available
2009-08-17,4.24,
2009-08-18,4.33,
2009-08-19,4.29,
2009-08-20,4.27,
2009-08-21,4.28,
2009-08-22,.,No value available
2009-08-23,.,No value available
2009-08-24,4.31,
2009-08-25,4.33,
2009-08-26,4.33,
2009-08-27,4.31,
2009-08-28,4.34,
2009-08-29,.,No value available
2009-08-30,.,No value available
2009-08-31,4.31,
2009-09-01,4.30,
2009-09-02,4.32,
2009-09-03,4.36,
2009-09-04,4.40,
2009-09-05,.,No value available
2009-09-06,.,No value available
2009-09-07,4.41,
2009-09-08,4.45,
2009-09-09,4.50,
2009-09-10,4.54,
2009-09-11,4.44,
2009-09-12,.,No value available
2009-09-13,.,No value available
2009-09-14,4.40,
2009-09-15,4.39,
2009-09-16,4.38,
2009-09-17,4.41,
2009-09-18,4.46,
2009-09-19,.,No value available
2009-09-20,.,No value available
2009-09-21,4.53,
2009-09-22,4.56,
2009-09-23,4.50,
2009-09-24,4.44,
2009-09-25,4.35,
2009-09-26,.,No value available
2009-09-27,.,No value available
2009-09-28,4.30,
2009-09-29,4.31,
2009-09-30,4.23,
2009-10-01,4.31,
2009-10-02,4.21,
2009-10-03,.,No value available
2009-10-04,.,No value available
2009-10-05,4.14,
2009-10-06,4.14,
2009-10-07,4.12,
2009-10-08,4.12,
2009-10-09,4.15,
2009-10-10,.,No value available
2009-10-11,.,No value available
2009-10-12,4.22,
2009-10-13,4.22,
2009-10-14,4.30,
2009-10-15,4.31,
2009-10-16,4.36,
2009-10-17,.,No value available
2009-10-18,.,No value available
2009-10-19,4.35,
2009-10-20,4.32,
2009-10-21,4.36,
2009-10-22,4.36,
2009-10-23,4.40,
2009-10-24,.,No value available
2009-10-25,.,No value available
2009-10-26,4.42,
2009-10-27,4.41,
2009-10-28,4.33,
2009-10-29,4.32,
2009-10-30,4.30,
2009-10-31,.,No value available
2009-11-01,.,No value available
2009-11-02,4.30,
2009-11-03,4.25,
2009-11-04,4.34,
2009-11-05,4.39,
2009-11-06,4.37,
2009-11-07,.,No value available
2009-11-08,.,No value available
2009-11-09,4.38,
2009-11-10,4.34,
2009-11-11,4.35,
2009-11-12,4.33,
2009-11-13,4.34,
2009-11-14,.,No value available
2009-11-15,.,No value available
2009-11-16,4.33,
2009-11-17,4.32,
2009-11-18,4.25,
2009-11-19,4.25,
2009-11-20,4.22,
2009-11-21,.,No value available
2009-11-22,.,No value available
2009-11-23,4.24,
2009-11-24,4.25,
2009-11-25,4.28,
2009-11-26,4.28,
2009-11-27,4.25,
2009-11-28,.,No value available
2009-11-29,.,No value available
2009-11-30,4.23,
2009-12-01,4.22,
2009-12-02,4.22,
2009-12-03,4.27,
2009-12-04,4.24,
2009-12-05,.,No value available
2009-12-06,.,No value available
2009-12-07,4.27,
2009-12-08,4.23,
2009-12-09,4.22,
2009-12-10,4.27,
2009-12-11,4.32,
2009-12-12,.,No value available
2009-12-13,.,No value available
2009-12-14,4.28,
2009-12-15,4.25,
2009-12-16,4.28,
2009-12-17,4.20,
2009-12-18,4.13,
2009-12-19,.,No value available
2009-12-20,.,No value available
2009-12-21,4.15,
2009-12-22,4.21,
2009-12-23,4.24,
2009-12-24,.,No value available
2009-12-25,.,No value available
2009-12-26,.,No value available
2009-12-27,.,No value available
2009-12-28,4.30,
2009-12-29,4.33,
2009-12-30,4.33,
2009-12-31,.,No value available
2010-01-01,.,No value available
2010-01-02,.,No value available
2010-01-03,.,No value available
2010-01-04,4.37,
2010-01-05,4.34,
2010-01-06,4.33,
2010-01-07,4.37,
2010-01-08,4.34,
2010-01-09,.,No value available
2010-01-10,.,No value available
2010-01-11,4.37,
2010-01-12,4.32,
2010-01-13,4.36,
2010-01-14,4.33,
2010-01-15,4.30,
2010-01-16,.,No value available
2010-01-17,.,No value available
2010-01-18,4.26,
2010-01-19,4.27,
2010-01-20,4.30,
2010-01-21,4.29,
2010-01-22,4.25,
2010-01-23,.,No value available
2010-01-24,.,No value available
2010-01-25,4.25,
2010-01-26,4.22,
2010-01-27,4.22,
2010-01-28,4.19,
2010-01-29,4.15,
2010-01-30,.,No value available
2010-01-31,.,No value available
2010-02-01,4.15,
2010-02-02,4.16,
2010-02-03,4.18,
2010-02-04,4.19,
2010-02-05,4.13,
2010-02-06,.,No value available
2010-02-07,.,No value available
2010-02-08,4.00,
2010-02-09,4.07,
2010-02-10,4.10,
2010-02-11,4.13,
2010-02-12,4.13,
2010-02-13,.,No value available
2010-02-14,.,No value available
2010-02-15,4.15,
2010-02-16,4.16,
2010-02-17,4.19,
2010-02-18,4.21,
2010-02-19,4.18,
2010-02-20,.,No value available
2010-02-21,.,No value available
2010-02-22,4.23,
2010-02-23,4.16,
2010-02-24,4.08,
2010-02-25,4.08,
2010-02-26,4.08,
2010-02-27,.,No value available
2010-02-28,.,No value available
2010-03-01,4.07,
2010-03-02,4.08,
2010-03-03,4.10,
2010-03-04,4.14,
2010-03-05,4.12,
2010-03-06,.,No value available
2010-03-07,.,No value available
2010-03-08,4.13,
2010-03-09,4.15,
2010-03-10,4.14,
2010-03-11,4.14,
2010-03-12,4.15,
2010-03-13,.,No value available
2010-03-14,.,No value available
2010-03-15,4.12,
2010-03-16,4.15,
2010-03-17,4.10,
2010-03-18,4.11,
2010-03-19,4.12,
2010-03-20,.,No value available
2010-03-21,.,No value available
2010-03-22,4.10,
2010-03-23,4.05,
2010-03-24,4.04,
2010-03-25,4.06,
2010-03-26,4.09,
2010-03-27,.,No value available
2010-03-28,.,No value available
2010-03-29,4.08,
2010-03-30,4.06,
2010-03-31,4.02,
2010-04-01,4.03,
2010-04-02,.,No value available
2010-04-03,.,No value available
2010-04-04,.,No value available
2010-04-05,.,No value available
2010-04-06,4.00,
2010-04-07,3.99,
2010-04-08,3.98,
2010-04-09,4.01,
2010-04-10,.,No value available
2010-04-11,.,No value available
2010-04-12,4.09,
2010-04-13,4.10,
2010-04-14,4.09,
2010-04-15,4.07,
2010-04-16,4.08,
2010-04-17,.,No value available
2010-04-18,.,No value available
2010-04-19,4.05,
2010-04-20,4.05,
2010-04-21,4.05,
2010-04-22,4.05,
2010-04-23,4.00,
2010-04-24,.,No value available
2010-04-25,.,No value available
2010-04-26,3.95,
2010-04-27,3.92,
2010-04-28,3.79,
2010-04-29,3.85,
2010-04-30,3.88,
2010-05-01,.,No value available
2010-05-02,.,No value available
2010-05-03,3.89,
2010-05-04,3.87,
2010-05-05,3.79,
2010-05-06,3.76,
2010-05-07,3.62,
2010-05-08,.,No value available
2010-05-09,.,No value available
2010-05-10,3.92,
2010-05-11,3.86,
2010-05-12,4.02,
2010-05-13,3.93,
2010-05-14,3.89,
2010-05-15,.,No value available
2010-05-16,.,No value available
2010-05-17,3.85,
2010-05-18,3.83,
2010-05-19,3.77,
2010-05-20,3.74,
2010-05-21,3.62,
2010-05-22,.,No value available
2010-05-23,.,No value available
2010-05-24,3.56,
2010-05-25,3.47,
2010-05-26,3.56,
2010-05-27,3.57,
2010-05-28,3.61,
2010-05-29,.,No value available
2010-05-30,.,No value available
2010-05-31,3.55,
2010-06-01,3.47,
2010-06-02,3.52,
2010-06-03,3.59,
2010-06-04,3.56,
2010-06-05,.,No value available
2010-06-06,.,No value available
2010-06-07,3.47,
2010-06-08,3.45,
2010-06-09,3.41,
2010-06-10,3.44,
2010-06-11,3.51,
2010-06-12,.,No value available
2010-06-13,.,No value available
2010-06-14,3.52,
2010-06-15,3.57,
2010-06-16,3.56,
2010-06-17,3.63,
2010-06-18,3.60,
2010-06-19,.,No value available
2010-06-20,.,No value available
2010-06-21,3.65,
2010-06-22,3.58,
2010-06-23,3.56,
2010-06-24,3.51,
2010-06-25,3.50,
2010-06-26,.,No value available
2010-06-27,.,No value available
2010-06-28,3.54,
2010-06-29,3.41,
2010-06-30,3.47,
2010-07-01,3.42,
2010-07-02,3.40,
2010-07-03,.,No value available
2010-07-04,.,No value available
2010-07-05,3.40,
2010-07-06,3.41,
2010-07-07,3.44,
2010-07-08,3.43,
2010-07-09,3.47,
2010-07-10,.,No value available
2010-07-11,.,No value available
2010-07-12,3.40,
2010-07-13,3.43,
2010-07-14,3.47,
2010-07-15,3.48,
2010-07-16,3.48,
2010-07-17,.,No value available
2010-07-18,.,No value available
2010-07-19,3.64,
2010-07-20,3.67,
2010-07-21,3.66,
2010-07-22,3.64,
2010-07-23,3.68,
2010-07-24,.,No value available
2010-07-25,.,No value available
2010-07-26,3.69,
2010-07-27,3.54,
2010-07-28,3.58,
2010-07-29,3.60,
2010-07-30,3.53,
2010-07-31,.,No value available
2010-08-01,.,No value available
2010-08-02,3.54,
2010-08-03,3.52,
2010-08-04,3.43,
2010-08-05,3.42,
2010-08-06,3.38,
2010-08-07,.,No value available
2010-08-08,.,No value available
2010-08-09,3.35,
2010-08-10,3.39,
2010-08-11,3.36,
2010-08-12,3.32,
2010-08-13,3.31,
2010-08-14,.,No value available
2010-08-15,.,No value available
2010-08-16,3.23,
2010-08-17,3.17,
2010-08-18,3.11,
2010-08-19,3.15,
2010-08-20,3.06,
2010-08-21,.,No value available
2010-08-22,.,No value available
2010-08-23,3.01,
2010-08-24,2.98,
2010-08-25,2.84,
2010-08-26,2.80,
2010-08-27,2.69,
2010-08-28,.,No value available
2010-08-29,.,No value available
2010-08-30,2.77,
2010-08-31,2.75,
2010-09-01,2.82,
2010-09-02,2.97,
2010-09-03,3.02,
2010-09-04,.,No value available
2010-09-05,.,No value available
2010-09-06,3.07,
2010-09-07,3.00,
2010-09-08,2.89,
2010-09-09,3.01,
2010-09-10,3.03,
2010-09-11,.,No value available
2010-09-12,.,No value available
2010-09-13,3.18,
2010-09-14,3.06,
2010-09-15,3.12,
2010-09-16,3.23,
2010-09-17,3.27,
2010-09-18,.,No value available
2010-09-19,.,No value available
2010-09-20,3.23,
2010-09-21,3.19,
2010-09-22,3.06,
2010-09-23,3.05,
2010-09-24,3.03,
2010-09-25,.,No value available
2010-09-26,.,No value available
2010-09-27,3.06,
2010-09-28,3.03,
2010-09-29,2.97,
2010-09-30,3.00,
2010-10-01,3.00,
2010-10-02,.,No value available
2010-10-03,.,No value available
2010-10-04,2.95,
2010-10-05,2.96,
2010-10-06,2.98,
2010-10-07,3.00,
2010-10-08,3.01,
2010-10-09,.,No value available
2010-10-10,.,No value available
2010-10-11,3.03,
2010-10-12,2.96,
2010-10-13,3.03,
2010-10-14,3.05,
2010-10-15,3.10,
2010-10-16,.,No value available
2010-10-17,.,No value available
2010-10-18,3.11,
2010-10-19,3.15,
2010-10-20,3.10,
2010-10-21,3.10,
2010-10-22,3.09,
2010-10-23,.,No value available
2010-10-24,.,No value available
2010-10-25,3.07,
2010-10-26,3.09,
2010-10-27,3.11,
2010-10-28,3.15,
2010-10-29,3.12,
2010-10-30,.,No value available
2010-10-31,.,No value available
2010-11-01,3.04,
2010-11-02,3.00,
2010-11-03,2.94,
2010-11-04,3.07,
2010-11-05,3.00,
2010-11-06,.,No value available
2010-11-07,.,No value available
2010-11-08,3.03,
2010-11-09,2.99,
2010-11-10,3.06,
2010-11-11,3.02,
2010-11-12,3.13,
2010-11-13,.,No value available
2010-11-14,.,No value available
2010-11-15,3.16,
2010-11-16,3.17,
2010-11-17,3.21,
2010-11-18,3.28,
2010-11-19,3.30,
2010-11-20,.,No value available
2010-11-21,.,No value available
2010-11-22,3.29,
2010-11-23,3.24,
2010-11-24,3.17,
2010-11-25,3.27,
2010-11-26,3.28,
2010-11-27,.,No value available
2010-11-28,.,No value available
2010-11-29,3.33,
2010-11-30,3.24,
2010-12-01,3.31,
2010-12-02,3.36,
2010-12-03,3.38,
2010-12-04,.,No value available
2010-12-05,.,No value available
2010-12-06,3.46,
2010-12-07,3.53,
2010-12-08,3.60,
2010-12-09,3.50,
2010-12-10,3.49,
2010-12-11,.,No value available
2010-12-12,.,No value available
2010-12-13,3.49,
2010-12-14,3.55,
2010-12-15,3.62,
2010-12-16,3.61,
2010-12-17,3.61,
2010-12-18,.,No value available
2010-12-19,.,No value available
2010-12-20,3.57,
2010-12-21,3.53,
2010-12-22,3.53,
2010-12-23,3.50,
2010-12-24,.,No value available
2010-12-25,.,No value available
2010-12-26,.,No value available
2010-12-27,3.59,
2010-12-28,3.53,
2010-12-29,3.56,
2010-12-30,3.52,
2010-12-31,.,No value available
2011-01-01,.,No value available
2011-01-02,.,No value available
2011-01-03,3.52,
2011-01-04,3.49,
2011-01-05,3.43,
2011-01-06,3.58,
2011-01-07,3.52,
2011-01-08,.,No value available
2011-01-09,.,No value available
2011-01-10,3.53,
2011-01-11,3.50,
2011-01-12,3.57,
2011-01-13,3.62,
2011-01-14,3.55,
2011-01-15,.,No value available
2011-01-16,.,No value available
2011-01-17,3.58,
2011-01-18,3.60,
2011-01-19,3.64,
2011-01-20,3.63,
2011-01-21,3.66,
2011-01-22,.,No value available
2011-01-23,.,No value available
2011-01-24,3.68,
2011-01-25,3.64,
2011-01-26,3.72,
2011-01-27,3.72,
2011-01-28,3.72,
2011-01-29,.,No value available
2011-01-30,.,No value available
2011-01-31,3.69,
2011-02-01,3.75,
2011-02-02,3.78,
2011-02-03,3.75,
2011-02-04,3.77,
2011-02-05,.,No value available
2011-02-06,.,No value available
2011-02-07,3.79,
2011-02-08,3.81,
2011-02-09,3.84,
2011-02-10,3.84,
2011-02-11,3.84,
2011-02-12,.,No value available
2011-02-13,.,No value available
2011-02-14,3.86,
2011-02-15,3.88,
2011-02-16,3.81,
2011-02-17,3.79,
2011-02-18,3.75,
2011-02-19,.,No value available
2011-02-20,.,No value available
2011-02-21,3.77,
2011-02-22,3.70,
2011-02-23,3.70,
2011-02-24,3.68,
2011-02-25,3.71,
2011-02-26,.,No value available
2011-02-27,.,No value available
2011-02-28,3.68,
2011-03-01,3.72,
2011-03-02,3.71,
2011-03-03,3.78,
2011-03-04,3.84,
2011-03-05,.,No value available
2011-03-06,.,No value available
2011-03-07,3.84,
2011-03-08,3.85,
2011-03-09,3.85,
2011-03-10,3.81,
2011-03-11,3.75,
2011-03-12,.,No value available
2011-03-13,.,No value available
2011-03-14,3.80,
2011-03-15,3.66,
2011-03-16,3.65,
2011-03-17,3.70,
2011-03-18,3.74,
2011-03-19,.,No value available
2011-03-20,.,No value available
2011-03-21,3.81,
2011-03-22,3.85,
2011-03-23,3.85,
2011-03-24,3.86,
2011-03-25,3.91,
2011-03-26,.,No value available
2011-03-27,.,No value available
2011-03-28,3.94,
2011-03-29,3.92,
2011-03-30,3.94,
2011-03-31,3.92,
2011-04-01,3.95,
2011-04-02,.,No value available
2011-04-03,.,No value available
2011-04-04,3.98,
2011-04-05,3.96,
2011-04-06,3.99,
2011-04-07,4.05,
2011-04-08,4.06,
2011-04-09,.,No value available
2011-04-10,.,No value available
2011-04-11,4.11,
2011-04-12,4.08,
2011-04-13,4.07,
2011-04-14,4.04,
2011-04-15,4.02,
2011-04-16,.,No value available
2011-04-17,.,No value available
2011-04-18,3.96,
2011-04-19,3.92,
2011-04-20,3.95,
2011-04-21,3.96,
2011-04-22,.,No value available
2011-04-23,.,No value available
2011-04-24,.,No value available
2011-04-25,.,No value available
2011-04-26,3.92,
2011-04-27,3.92,
2011-04-28,3.92,
2011-04-29,3.89,
2011-04-30,.,No value available
2011-05-01,.,No value available
2011-05-02,3.88,
2011-05-03,3.87,
2011-05-04,3.90,
2011-05-05,3.95,
2011-05-06,3.82,
2011-05-07,.,No value available
2011-05-08,.,No value available
2011-05-09,3.78,
2011-05-10,3.78,
2011-05-11,3.80,
2011-05-12,3.77,
2011-05-13,3.80,
2011-05-14,.,No value available
2011-05-15,.,No value available
2011-05-16,3.75,
2011-05-17,3.84,
2011-05-18,3.79,
2011-05-19,3.80,
2011-05-20,3.79,
2011-05-21,.,No value available
2011-05-22,.,No value available
2011-05-23,3.70,
2011-05-24,3.73,
2011-05-25,3.72,
2011-05-26,3.74,
2011-05-27,3.68,
2011-05-28,.,No value available
2011-05-29,.,No value available
2011-05-30,3.68,
2011-05-31,3.72,
2011-06-01,3.74,
2011-06-02,3.70,
2011-06-03,3.73,
2011-06-04,.,No value available
2011-06-05,.,No value available
2011-06-06,3.72,
2011-06-07,3.75,
2011-06-08,3.79,
2011-06-09,3.76,
2011-06-10,3.76,
2011-06-11,.,No value available
2011-06-12,.,No value available
2011-06-13,3.66,
2011-06-14,3.68,
2011-06-15,3.75,
2011-06-16,3.67,
2011-06-17,3.72,
2011-06-18,.,No value available
2011-06-19,.,No value available
2011-06-20,3.71,
2011-06-21,3.77,
2011-06-22,3.83,
2011-06-23,3.79,
2011-06-24,3.73,
2011-06-25,.,No value available
2011-06-26,.,No value available
2011-06-27,3.74,
2011-06-28,3.76,
2011-06-29,3.85,
2011-06-30,3.94,
2011-07-01,3.94,
2011-07-02,.,No value available
2011-07-03,.,No value available
2011-07-04,3.88,
2011-07-05,3.86,
2011-07-06,3.76,
2011-07-07,3.77,
2011-07-08,3.75,
2011-07-09,.,No value available
2011-07-10,.,No value available
2011-07-11,3.54,
2011-07-12,3.41,
2011-07-13,3.56,
2011-07-14,3.57,
2011-07-15,3.56,
2011-07-16,.,No value available
2011-07-17,.,No value available
2011-07-18,3.47,
2011-07-19,3.53,
2011-07-20,3.64,
2011-07-21,3.67,
2011-07-22,3.81,
2011-07-23,.,No value available
2011-07-24,.,No value available
2011-07-25,3.71,
2011-07-26,3.65,
2011-07-27,3.58,
2011-07-28,3.51,
2011-07-29,3.54,
2011-07-30,.,No value available
2011-07-31,.,No value available
2011-08-01,3.51,
2011-08-02,3.39,
2011-08-03,3.42,
2011-08-04,3.41,
2011-08-05,3.32,
2011-08-06,.,No value available
2011-08-07,.,No value available
2011-08-08,3.35,
2011-08-09,3.31,
2011-08-10,3.35,
2011-08-11,3.30,
2011-08-12,3.36,
2011-08-13,.,No value available
2011-08-14,.,No value available
2011-08-15,3.40,
2011-08-16,3.45,
2011-08-17,3.45,
2011-08-18,3.32,
2011-08-19,3.23,
2011-08-20,.,No value available
2011-08-21,.,No value available
2011-08-22,3.18,
2011-08-23,3.24,
2011-08-24,3.23,
2011-08-25,3.34,
2011-08-26,3.32,
2011-08-27,.,No value available
2011-08-28,.,No value available
2011-08-29,3.28,
2011-08-30,3.32,
2011-08-31,3.34,
2011-09-01,3.36,
2011-09-02,3.31,
2011-09-03,.,No value available
2011-09-04,.,No value available
2011-09-05,3.19,
2011-09-06,3.26,
2011-09-07,3.12,
2011-09-08,3.07,
2011-09-09,3.01,
2011-09-10,.,No value available
2011-09-11,.,No value available
2011-09-12,2.88,
2011-09-13,2.85,
2011-09-14,2.84,
2011-09-15,3.03,
2011-09-16,3.01,
2011-09-17,.,No value available
2011-09-18,.,No value available
2011-09-19,2.83,
2011-09-20,2.82,
2011-09-21,2.85,
2011-09-22,2.65,
2011-09-23,2.64,
2011-09-24,.,No value available
2011-09-25,.,No value available
2011-09-26,2.68,
2011-09-27,2.81,
2011-09-28,2.91,
2011-09-29,2.89,
2011-09-30,2.85,
2011-10-01,.,No value available
2011-10-02,.,No value available
2011-10-03,2.77,
2011-10-04,2.68,
2011-10-05,2.70,
2011-10-06,2.85,
2011-10-07,2.90,
2011-10-08,.,No value available
2011-10-09,.,No value available
2011-10-10,2.98,
2011-10-11,2.93,
2011-10-12,3.07,
2011-10-13,3.07,
2011-10-14,3.07,
2011-10-15,.,No value available
2011-10-16,.,No value available
2011-10-17,3.11,
2011-10-18,2.98,
2011-10-19,3.03,
2011-10-20,3.03,
2011-10-21,2.94,
2011-10-22,.,No value available
2011-10-23,.,No value available
2011-10-24,2.94,
2011-10-25,3.01,
2011-10-26,2.95,
2011-10-27,2.98,
2011-10-28,3.14,
2011-10-29,.,No value available
2011-10-30,.,No value available
2011-10-31,3.04,
2011-11-01,2.83,
2011-11-02,2.89,
2011-11-03,2.91,
2011-11-04,2.91,
2011-11-05,.,No value available
2011-11-06,.,No value available
2011-11-07,2.81,
2011-11-08,2.81,
2011-11-09,2.69,
2011-11-10,2.67,
2011-11-11,2.71,
2011-11-12,.,No value available
2011-11-13,.,No value available
2011-11-14,2.69,
2011-11-15,2.61,
2011-11-16,2.63,
2011-11-17,2.61,
2011-11-18,2.72,
2011-11-19,.,No value available
2011-11-20,.,No value available
2011-11-21,2.68,
2011-11-22,2.75,
2011-11-23,2.83,
2011-11-24,2.98,
2011-11-25,3.01,
2011-11-26,.,No value available
2011-11-27,.,No value available
2011-11-28,3.04,
2011-11-29,3.10,
2011-11-30,3.11,
2011-12-01,3.07,
2011-12-02,2.91,
2011-12-03,.,No value available
2011-12-04,.,No value available
2011-12-05,2.91,
2011-12-06,2.88,
2011-12-07,2.80,
2011-12-08,2.77,
2011-12-09,2.75,
2011-12-10,.,No value available
2011-12-11,.,No value available
2011-12-12,2.68,
2011-12-13,2.63,
2011-12-14,2.55,
2011-12-15,2.47,
2011-12-16,2.54,
2011-12-17,.,No value available
2011-12-18,.,No value available
2011-12-19,2.51,
2011-12-20,2.53,
2011-12-21,2.65,
2011-12-22,2.58,
2011-12-23,2.55,
2011-12-24,.,No value available
2011-12-25,.,No value available
2011-12-26,.,No value available
2011-12-27,2.53,
2011-12-28,2.51,
2011-12-29,2.48,
2011-12-30,2.46,
2011-12-31,.,No value available
2012-01-01,.,No value available
2012-01-02,2.50,
2012-01-03,2.59,
2012-01-04,2.61,
2012-01-05,2.56,
2012-01-06,2.55,
2012-01-07,.,No value available
2012-01-08,.,No value available
2012-01-09,2.57,
2012-01-10,2.55,
2012-01-11,2.55,
2012-01-12,2.53,
2012-01-13,2.45,
2012-01-14,.,No value available
2012-01-15,.,No value available
2012-01-16,2.43,
2012-01-17,2.48,
2012-01-18,2.54,
2012-01-19,2.54,
2012-01-20,2.59,
2012-01-21,.,No value available
2012-01-22,.,No value available
2012-01-23,2.63,
2012-01-24,2.73,
2012-01-25,2.70,
2012-01-26,2.68,
2012-01-27,2.66,
2012-01-28,.,No value available
2012-01-29,.,No value available
2012-01-30,2.62,
2012-01-31,2.64,
2012-02-01,2.60,
2012-02-02,2.55,
2012-02-03,2.59,
2012-02-04,.,No value available
2012-02-05,.,No value available
2012-02-06,2.60,
2012-02-07,2.57,
2012-02-08,2.68,
2012-02-09,2.70,
2012-02-10,2.73,
2012-02-11,.,No value available
2012-02-12,.,No value available
2012-02-13,2.71,
2012-02-14,2.69,
2012-02-15,2.65,
2012-02-16,2.53,
2012-02-17,2.60,
2012-02-18,.,No value available
2012-02-19,.,No value available
2012-02-20,2.62,
2012-02-21,2.65,
2012-02-22,2.63,
2012-02-23,2.59,
2012-02-24,2.57,
2012-02-25,.,No value available
2012-02-26,.,No value available
2012-02-27,2.56,
2012-02-28,2.54,
2012-02-29,2.56,
2012-03-01,2.55,
2012-03-02,2.55,
2012-03-03,.,No value available
2012-03-04,.,No value available
2012-03-05,2.53,
2012-03-06,2.54,
2012-03-07,2.57,
2012-03-08,2.55,
2012-03-09,2.57,
2012-03-10,.,No value available
2012-03-11,.,No value available
2012-03-12,2.55,
2012-03-13,2.57,
2012-03-14,2.69,
2012-03-15,2.78,
2012-03-16,2.76,
2012-03-17,.,No value available
2012-03-18,.,No value available
2012-03-19,2.79,
2012-03-20,2.76,
2012-03-21,2.78,
2012-03-22,2.64,
2012-03-23,2.61,
2012-03-24,.,No value available
2012-03-25,.,No value available
2012-03-26,2.59,
2012-03-27,2.67,
2012-03-28,2.63,
2012-03-29,2.62,
2012-03-30,2.59,
2012-03-31,.,No value available
2012-04-01,.,No value available
2012-04-02,2.58,
2012-04-03,2.57,
2012-04-04,2.57,
2012-04-05,2.54,
2012-04-06,.,No value available
2012-04-07,.,No value available
2012-04-08,.,No value available
2012-04-09,.,No value available
2012-04-10,2.52,
2012-04-11,2.51,
2012-04-12,2.53,
2012-04-13,2.51,
2012-04-14,.,No value available
2012-04-15,.,No value available
2012-04-16,2.50,
2012-04-17,2.54,
2012-04-18,2.51,
2012-04-19,2.52,
2012-04-20,2.52,
2012-04-21,.,No value available
2012-04-22,.,No value available
2012-04-23,2.50,
2012-04-24,2.56,
2012-04-25,2.56,
2012-04-26,2.57,
2012-04-27,2.54,
2012-04-28,.,No value available
2012-04-29,.,No value available
2012-04-30,2.53,
2012-05-01,.,No value available
2012-05-02,2.50,
2012-05-03,2.49,
2012-05-04,2.49,
2012-05-05,.,No value available
2012-05-06,.,No value available
2012-05-07,2.46,
2012-05-08,2.43,
2012-05-09,2.41,
2012-05-10,2.36,
2012-05-11,2.36,
2012-05-12,.,No value available
2012-05-13,.,No value available
2012-05-14,2.21,
2012-05-15,2.27,
2012-05-16,2.26,
2012-05-17,2.26,
2012-05-18,2.21,
2012-05-19,.,No value available
2012-05-20,.,No value available
2012-05-21,2.23,
2012-05-22,2.22,
2012-05-23,2.18,
2012-05-24,2.01,
2012-05-25,2.12,
2012-05-26,.,No value available
2012-05-27,.,No value available
2012-05-28,2.09,
2012-05-29,2.05,
2012-05-30,1.97,
2012-05-31,1.93,
2012-06-01,1.77,
2012-06-02,.,No value available
2012-06-03,.,No value available
2012-06-04,1.79,
2012-06-05,1.79,
2012-06-06,1.89,
2012-06-07,2.03,
2012-06-08,1.98,
2012-06-09,.,No value available
2012-06-10,.,No value available
2012-06-11,2.08,
2012-06-12,2.12,
2012-06-13,2.30,
2012-06-14,2.37,
2012-06-15,2.29,
2012-06-16,.,No value available
2012-06-17,.,No value available
2012-06-18,2.13,
2012-06-19,2.23,
2012-06-20,2.35,
2012-06-21,2.38,
2012-06-22,2.28,
2012-06-23,.,No value available
2012-06-24,.,No value available
2012-06-25,2.28,
2012-06-26,2.34,
2012-06-27,2.37,
2012-06-28,2.33,
2012-06-29,2.45,
2012-06-30,.,No value available
2012-07-01,.,No value available
2012-07-02,2.46,
2012-07-03,2.50,
2012-07-04,2.46,
2012-07-05,2.42,
2012-07-06,2.39,
2012-07-07,.,No value available
2012-07-08,.,No value available
2012-07-09,2.29,
2012-07-10,2.28,
2012-07-11,2.30,
2012-07-12,2.25,
2012-07-13,2.21,
2012-07-14,.,No value available
2012-07-15,.,No value available
2012-07-16,2.23,
2012-07-17,2.25,
2012-07-18,2.18,
2012-07-19,2.19,
2012-07-20,2.19,
2012-07-21,.,No value available
2012-07-22,.,No value available
2012-07-23,2.15,
2012-07-24,2.26,
2012-07-25,2.30,
2012-07-26,2.20,
2012-07-27,2.29,
2012-07-28,.,No value available
2012-07-29,.,No value available
2012-07-30,2.35,
2012-07-31,2.34,
2012-08-01,2.28,
2012-08-02,2.29,
2012-08-03,2.22,
2012-08-04,.,No value available
2012-08-05,.,No value available
2012-08-06,2.29,
2012-08-07,2.33,
2012-08-08,2.36,
2012-08-09,2.40,
2012-08-10,2.33,
2012-08-11,.,No value available
2012-08-12,.,No value available
2012-08-13,2.38,
2012-08-14,2.37,
2012-08-15,2.43,
2012-08-16,2.47,
2012-08-17,2.44,
2012-08-18,.,No value available
2012-08-19,.,No value available
2012-08-20,2.46,
2012-08-21,2.44,
2012-08-22,2.41,
2012-08-23,2.29,
2012-08-24,2.24,
2012-08-25,.,No value available
2012-08-26,.,No value available
2012-08-27,2.24,
2012-08-28,2.25,
2012-08-29,2.21,
2012-08-30,2.24,
2012-08-31,2.25,
2012-09-01,.,No value available
2012-09-02,.,No value available
2012-09-03,2.19,
2012-09-04,2.27,
2012-09-05,2.26,
2012-09-06,2.40,
2012-09-07,2.52,
2012-09-08,.,No value available
2012-09-09,.,No value available
2012-09-10,2.46,
2012-09-11,2.50,
2012-09-12,2.60,
2012-09-13,2.53,
2012-09-14,2.63,
2012-09-15,.,No value available
2012-09-16,.,No value available
2012-09-17,2.62,
2012-09-18,2.60,
2012-09-19,2.57,
2012-09-20,2.52,
2012-09-21,2.54,
2012-09-22,.,No value available
2012-09-23,.,No value available
2012-09-24,2.51,
2012-09-25,2.46,
2012-09-26,2.46,
2012-09-27,2.35,
2012-09-28,2.35,
2012-09-29,.,No value available
2012-09-30,.,No value available
2012-10-01,2.37,
2012-10-02,2.43,
2012-10-03,2.41,
2012-10-04,2.39,
2012-10-05,2.43,
2012-10-06,.,No value available
2012-10-07,.,No value available
2012-10-08,2.43,
2012-10-09,2.43,
2012-10-10,2.43,
2012-10-11,2.40,
2012-10-12,2.40,
2012-10-13,.,No value available
2012-10-14,.,No value available
2012-10-15,2.41,
2012-10-16,2.46,
2012-10-17,2.55,
2012-10-18,2.60,
2012-10-19,2.55,
2012-10-20,.,No value available
2012-10-21,.,No value available
2012-10-22,2.55,
2012-10-23,2.55,
2012-10-24,2.52,
2012-10-25,2.58,
2012-10-26,2.50,
2012-10-27,.,No value available
2012-10-28,.,No value available
2012-10-29,2.47,
2012-10-30,2.45,
2012-10-31,2.46,
2012-11-01,2.40,
2012-11-02,2.38,
2012-11-03,.,No value available
2012-11-04,.,No value available
2012-11-05,2.35,
2012-11-06,2.36,
2012-11-07,2.35,
2012-11-08,2.31,
2012-11-09,2.28,
2012-11-10,.,No value available
2012-11-11,.,No value available
2012-11-12,2.30,
2012-11-13,2.29,
2012-11-14,2.32,
2012-11-15,2.33,
2012-11-16,2.37,
2012-11-17,.,No value available
2012-11-18,.,No value available
2012-11-19,2.36,
2012-11-20,2.38,
2012-11-21,2.41,
2012-11-22,2.45,
2012-11-23,2.45,
2012-11-24,.,No value available
2012-11-25,.,No value available
2012-11-26,2.45,
2012-11-27,2.43,
2012-11-28,2.39,
2012-11-29,2.41,
2012-11-30,2.38,
2012-12-01,.,No value available
2012-12-02,.,No value available
2012-12-03,2.38,
2012-12-04,2.44,
2012-12-05,2.36,
2012-12-06,2.35,
2012-12-07,2.34,
2012-12-08,.,No value available
2012-12-09,.,No value available
2012-12-10,2.33,
2012-12-11,2.36,
2012-12-12,2.37,
2012-12-13,2.33,
2012-12-14,2.34,
2012-12-15,.,No value available
2012-12-16,.,No value available
2012-12-17,2.37,
2012-12-18,2.37,
2012-12-19,2.40,
2012-12-20,2.37,
2012-12-21,2.33,
2012-12-22,.,No value available
2012-12-23,.,No value available
2012-12-24,.,No value available
2012-12-25,.,No value available
2012-12-26,.,No value available
2012-12-27,2.32,
2012-12-28,2.23,
2012-12-29,.,No value available
2012-12-30,.,No value available
2012-12-31,.,No value available
2013-01-01,.,No value available
2013-01-02,2.37,
2013-01-03,2.41,
2013-01-04,2.53,
2013-01-05,.,No value available
2013-01-06,.,No value available
2013-01-07,2.52,
2013-01-08,2.49,
2013-01-09,2.44,
2013-01-10,2.49,
2013-01-11,2.54,
2013-01-12,.,No value available
2013-01-13,.,No value available
2013-01-14,2.53,
2013-01-15,2.51,
2013-01-16,2.50,
2013-01-17,2.53,
2013-01-18,2.49,
2013-01-19,.,No value available
2013-01-20,.,No value available
2013-01-21,2.46,
2013-01-22,2.50,
2013-01-23,2.48,
2013-01-24,2.45,
2013-01-25,2.55,
2013-01-26,.,No value available
2013-01-27,.,No value available
2013-01-28,2.57,
2013-01-29,2.55,
2013-01-30,2.58,
2013-01-31,2.47,
2013-02-01,2.51,
2013-02-02,.,No value available
2013-02-03,.,No value available
2013-02-04,2.53,
2013-02-05,2.47,
2013-02-06,2.48,
2013-02-07,2.52,
2013-02-08,2.49,
2013-02-09,.,No value available
2013-02-10,.,No value available
2013-02-11,2.51,
2013-02-12,2.52,
2013-02-13,2.52,
2013-02-14,2.52,
2013-02-15,2.51,
2013-02-16,.,No value available
2013-02-17,.,No value available
2013-02-18,2.52,
2013-02-19,2.52,
2013-02-20,2.57,
2013-02-21,2.52,
2013-02-22,2.54,
2013-02-23,.,No value available
2013-02-24,.,No value available
2013-02-25,2.51,
2013-02-26,2.43,
2013-02-27,2.41,
2013-02-28,2.41,
2013-03-01,2.41,
2013-03-02,.,No value available
2013-03-03,.,No value available
2013-03-04,2.37,
2013-03-05,2.41,
2013-03-06,2.43,
2013-03-07,2.43,
2013-03-08,2.44,
2013-03-09,.,No value available
2013-03-10,.,No value available
2013-03-11,2.44,
2013-03-12,2.48,
2013-03-13,2.45,
2013-03-14,2.46,
2013-03-15,2.48,
2013-03-16,.,No value available
2013-03-17,.,No value available
2013-03-18,2.41,
2013-03-19,2.37,
2013-03-20,2.33,
2013-03-21,2.37,
2013-03-22,2.28,
2013-03-23,.,No value available
2013-03-24,.,No value available
2013-03-25,2.38,
2013-03-26,2.37,
2013-03-27,2.33,
2013-03-28,2.31,
2013-03-29,.,No value available
2013-03-30,.,No value available
2013-03-31,.,No value available
2013-04-01,.,No value available
2013-04-02,2.36,
2013-04-03,2.39,
2013-04-04,2.40,
2013-04-05,2.31,
2013-04-06,.,No value available
2013-04-07,.,No value available
2013-04-08,2.18,
2013-04-09,2.27,
2013-04-10,2.29,
2013-04-11,2.34,
2013-04-12,2.31,
2013-04-13,.,No value available
2013-04-14,.,No value available
2013-04-15,2.35,
2013-04-16,2.31,
2013-04-17,2.35,
2013-04-18,2.34,
2013-04-19,2.33,
2013-04-20,.,No value available
2013-04-21,.,No value available
2013-04-22,2.34,
2013-04-23,2.27,
2013-04-24,2.29,
2013-04-25,2.27,
2013-04-26,2.26,
2013-04-27,.,No value available
2013-04-28,.,No value available
2013-04-29,2.24,
2013-04-30,2.21,
2013-05-01,.,No value available
2013-05-02,2.22,
2013-05-03,2.24,
2013-05-04,.,No value available
2013-05-05,.,No value available
2013-05-06,2.31,
2013-05-07,2.32,
2013-05-08,2.33,
2013-05-09,2.30,
2013-05-10,2.37,
2013-05-11,.,No value available
2013-05-12,.,No value available
2013-05-13,2.40,
2013-05-14,2.40,
2013-05-15,2.40,
2013-05-16,2.42,
2013-05-17,2.35,
2013-05-18,.,No value available
2013-05-19,.,No value available
2013-05-20,2.41,
2013-05-21,2.43,
2013-05-22,2.42,
2013-05-23,2.43,
2013-05-24,2.43,
2013-05-25,.,No value available
2013-05-26,.,No value available
2013-05-27,2.43,
2013-05-28,2.44,
2013-05-29,2.49,
2013-05-30,2.46,
2013-05-31,2.46,
2013-06-01,.,No value available
2013-06-02,.,No value available
2013-06-03,2.52,
2013-06-04,2.52,
2013-06-05,2.52,
2013-06-06,2.48,
2013-06-07,2.47,
2013-06-08,.,No value available
2013-06-09,.,No value available
2013-06-10,2.48,
2013-06-11,2.56,
2013-06-12,2.54,
2013-06-13,2.49,
2013-06-14,2.49,
2013-06-15,.,No value available
2013-06-16,.,No value available
2013-06-17,2.52,
2013-06-18,2.54,
2013-06-19,2.54,
2013-06-20,2.58,
2013-06-21,2.61,
2013-06-22,.,No value available
2013-06-23,.,No value available
2013-06-24,2.61,
2013-06-25,2.61,
2013-06-26,2.61,
2013-06-27,2.62,
2013-06-28,2.58,
2013-06-29,.,No value available
2013-06-30,.,No value available
2013-07-01,2.61,
2013-07-02,2.56,
2013-07-03,2.50,
2013-07-04,2.52,
2013-07-05,2.57,
2013-07-06,.,No value available
2013-07-07,.,No value available
2013-07-08,2.61,
2013-07-09,2.59,
2013-07-10,2.53,
2013-07-11,2.52,
2013-07-12,2.51,
2013-07-13,.,No value available
2013-07-14,.,No value available
2013-07-15,2.49,
2013-07-16,2.50,
2013-07-17,2.51,
2013-07-18,2.46,
2013-07-19,2.49,
2013-07-20,.,No value available
2013-07-21,.,No value available
2013-07-22,2.50,
2013-07-23,2.50,
2013-07-24,2.51,
2013-07-25,2.55,
2013-07-26,2.61,
2013-07-27,.,No value available
2013-07-28,.,No value available
2013-07-29,2.62,
2013-07-30,2.59,
2013-07-31,2.59,
2013-08-01,2.52,
2013-08-02,2.59,
2013-08-03,.,No value available
2013-08-04,.,No value available
2013-08-05,2.56,
2013-08-06,2.60,
2013-08-07,2.57,
2013-08-08,2.58,
2013-08-09,2.58,
2013-08-10,.,No value available
2013-08-11,.,No value available
2013-08-12,2.60,
2013-08-13,2.66,
2013-08-14,2.69,
2013-08-15,2.72,
2013-08-16,2.75,
2013-08-17,.,No value available
2013-08-18,.,No value available
2013-08-19,2.76,
2013-08-20,2.75,
2013-08-21,2.75,
2013-08-22,2.82,
2013-08-23,2.82,
2013-08-24,.,No value available
2013-08-25,.,No value available
2013-08-26,2.78,
2013-08-27,2.74,
2013-08-28,2.73,
2013-08-29,2.75,
2013-08-30,2.75,
2013-08-31,.,No value available
2013-09-01,.,No value available
2013-09-02,2.79,
2013-09-03,2.80,
2013-09-04,2.81,
2013-09-05,2.83,
2013-09-06,2.83,
2013-09-07,.,No value available
2013-09-08,.,No value available
2013-09-09,2.82,
2013-09-10,2.86,
2013-09-11,2.89,
2013-09-12,2.86,
2013-09-13,2.85,
2013-09-14,.,No value available
2013-09-15,.,No value available
2013-09-16,2.79,
2013-09-17,2.82,
2013-09-18,2.84,
2013-09-19,2.82,
2013-09-20,2.90,
2013-09-21,.,No value available
2013-09-22,.,No value available
2013-09-23,2.88,
2013-09-24,2.82,
2013-09-25,2.79,
2013-09-26,2.77,
2013-09-27,2.73,
2013-09-28,.,No value available
2013-09-29,.,No value available
2013-09-30,2.70,
2013-10-01,2.74,
2013-10-02,2.74,
2013-10-03,2.81,
2013-10-04,2.82,
2013-10-05,.,No value available
2013-10-06,.,No value available
2013-10-07,2.82,
2013-10-08,2.83,
2013-10-09,2.81,
2013-10-10,2.86,
2013-10-11,2.87,
2013-10-12,.,No value available
2013-10-13,.,No value available
2013-10-14,2.87,
2013-10-15,2.90,
2013-10-16,2.91,
2013-10-17,2.89,
2013-10-18,2.86,
2013-10-19,.,No value available
2013-10-20,.,No value available
2013-10-21,2.87,
2013-10-22,2.84,
2013-10-23,2.79,
2013-10-24,2.80,
2013-10-25,2.78,
2013-10-26,.,No value available
2013-10-27,.,No value available
2013-10-28,2.78,
2013-10-29,2.78,
2013-10-30,2.76,
2013-10-31,2.74,
2013-11-01,2.75,
2013-11-02,.,No value available
2013-11-03,.,No value available
2013-11-04,2.74,
2013-11-05,2.76,
2013-11-06,2.79,
2013-11-07,2.82,
2013-11-08,2.78,
2013-11-09,.,No value available
2013-11-10,.,No value available
2013-11-11,2.80,
2013-11-12,2.86,
2013-11-13,2.88,
2013-11-14,2.83,
2013-11-15,2.80,
2013-11-16,.,No value available
2013-11-17,.,No value available
2013-11-18,2.80,
2013-11-19,2.80,
2013-11-20,2.82,
2013-11-21,2.84,
2013-11-22,2.83,
2013-11-23,.,No value available
2013-11-24,.,No value available
2013-11-25,2.78,
2013-11-26,2.78,
2013-11-27,2.77,
2013-11-28,2.79,
2013-11-29,2.76,
2013-11-30,.,No value available
2013-12-01,.,No value available
2013-12-02,2.76,
2013-12-03,2.77,
2013-12-04,2.77,
2013-12-05,2.81,
2013-12-06,2.84,
2013-12-07,.,No value available
2013-12-08,.,No value available
2013-12-09,2.84,
2013-12-10,2.83,
2013-12-11,2.83,
2013-12-12,2.83,
2013-12-13,2.80,
2013-12-14,.,No value available
2013-12-15,.,No value available
2013-12-16,2.80,
2013-12-17,2.80,
2013-12-18,2.76,
2013-12-19,2.77,
2013-12-20,2.80,
2013-12-21,.,No value available
2013-12-22,.,No value available
2013-12-23,2.83,
2013-12-24,.,No value available
2013-12-25,.,No value available
2013-12-26,.,No value available
2013-12-27,2.86,
2013-12-28,.,No value available
2013-12-29,.,No value available
2013-12-30,2.89,
2013-12-31,.,No value available
2014-01-01,.,No value available
2014-01-02,2.88,
2014-01-03,2.89,
2014-01-04,.,No value available
2014-01-05,.,No value available
2014-01-06,2.87,
2014-01-07,2.85,
2014-01-08,2.84,
2014-01-09,2.89,
2014-01-10,2.88,
2014-01-11,.,No value available
2014-01-12,.,No value available
2014-01-13,2.85,
2014-01-14,2.83,
2014-01-15,2.80,
2014-01-16,2.82,
2014-01-17,2.78,
2014-01-18,.,No value available
2014-01-19,.,No value available
2014-01-20,2.75,
2014-01-21,2.75,
2014-01-22,2.75,
2014-01-23,2.75,
2014-01-24,2.67,
2014-01-25,.,No value available
2014-01-26,.,No value available
2014-01-27,2.67,
2014-01-28,2.68,
2014-01-29,2.68,
2014-01-30,2.63,
2014-01-31,2.60,
2014-02-01,.,No value available
2014-02-02,.,No value available
2014-02-03,2.60,
2014-02-04,2.59,
2014-02-05,2.57,
2014-02-06,2.60,
2014-02-07,2.61,
2014-02-08,.,No value available
2014-02-09,.,No value available
2014-02-10,2.61,
2014-02-11,2.63,
2014-02-12,2.62,
2014-02-13,2.63,
2014-02-14,2.63,
2014-02-15,.,No value available
2014-02-16,.,No value available
2014-02-17,2.67,
2014-02-18,2.65,
2014-02-19,2.64,
2014-02-20,2.66,
2014-02-21,2.67,
2014-02-22,.,No value available
2014-02-23,.,No value available
2014-02-24,2.67,
2014-02-25,2.67,
2014-02-26,2.68,
2014-02-27,2.58,
2014-02-28,2.62,
2014-03-01,.,No value available
2014-03-02,.,No value available
2014-03-03,2.58,
2014-03-04,2.59,
2014-03-05,2.64,
2014-03-06,2.65,
2014-03-07,2.64,
2014-03-08,.,No value available
2014-03-09,.,No value available
2014-03-10,2.66,
2014-03-11,2.65,
2014-03-12,2.66,
2014-03-13,2.65,
2014-03-14,2.60,
2014-03-15,.,No value available
2014-03-16,.,No value available
2014-03-17,2.62,
2014-03-18,2.61,
2014-03-19,2.62,
2014-03-20,2.68,
2014-03-21,2.66,
2014-03-22,.,No value available
2014-03-23,.,No value available
2014-03-24,2.66,
2014-03-25,2.58,
2014-03-26,2.59,
2014-03-27,2.57,
2014-03-28,2.56,
2014-03-29,.,No value available
2014-03-30,.,No value available
2014-03-31,2.59,
2014-04-01,2.60,
2014-04-02,2.62,
2014-04-03,2.65,
2014-04-04,2.66,
2014-04-05,.,No value available
2014-04-06,.,No value available
2014-04-07,2.64,
2014-04-08,2.63,
2014-04-09,2.62,
2014-04-10,2.58,
2014-04-11,2.56,
2014-04-12,.,No value available
2014-04-13,.,No value available
2014-04-14,2.54,
2014-04-15,2.55,
2014-04-16,2.53,
2014-04-17,2.52,
2014-04-18,.,No value available
2014-04-19,.,No value available
2014-04-20,.,No value available
2014-04-21,.,No value available
2014-04-22,2.56,
2014-04-23,2.56,
2014-04-24,2.55,
2014-04-25,2.52,
2014-04-26,.,No value available
2014-04-27,.,No value available
2014-04-28,2.48,
2014-04-29,2.53,
2014-04-30,2.53,
2014-05-01,.,No value available
2014-05-02,2.49,
2014-05-03,.,No value available
2014-05-04,.,No value available
2014-05-05,2.47,
2014-05-06,2.50,
2014-05-07,2.47,
2014-05-08,2.49,
2014-05-09,2.49,
2014-05-10,.,No value available
2014-05-11,.,No value available
2014-05-12,2.53,
2014-05-13,2.53,
2014-05-14,2.45,
2014-05-15,2.43,
2014-05-16,2.38,
2014-05-17,.,No value available
2014-05-18,.,No value available
2014-05-19,2.38,
2014-05-20,2.40,
2014-05-21,2.43,
2014-05-22,2.41,
2014-05-23,2.42,
2014-05-24,.,No value available
2014-05-25,.,No value available
2014-05-26,2.43,
2014-05-27,2.43,
2014-05-28,2.39,
2014-05-29,2.35,
2014-05-30,2.40,
2014-05-31,.,No value available
2014-06-01,.,No value available
2014-06-02,2.40,
2014-06-03,2.43,
2014-06-04,2.44,
2014-06-05,2.48,
2014-06-06,2.49,
2014-06-07,.,No value available
2014-06-08,.,No value available
2014-06-09,2.47,
2014-06-10,2.47,
2014-06-11,2.50,
2014-06-12,2.52,
2014-06-13,2.50,
2014-06-14,.,No value available
2014-06-15,.,No value available
2014-06-16,2.46,
2014-06-17,2.47,
2014-06-18,2.49,
2014-06-19,2.43,
2014-06-20,2.45,
2014-06-21,.,No value available
2014-06-22,.,No value available
2014-06-23,2.46,
2014-06-24,2.45,
2014-06-25,2.42,
2014-06-26,2.37,
2014-06-27,2.35,
2014-06-28,.,No value available
2014-06-29,.,No value available
2014-06-30,2.34,
2014-07-01,2.35,
2014-07-02,2.36,
2014-07-03,2.40,
2014-07-04,2.39,
2014-07-05,.,No value available
2014-07-06,.,No value available
2014-07-07,2.39,
2014-07-08,2.38,
2014-07-09,2.34,
2014-07-10,2.31,
2014-07-11,2.29,
2014-07-12,.,No value available
2014-07-13,.,No value available
2014-07-14,2.30,
2014-07-15,2.28,
2014-07-16,2.26,
2014-07-17,2.24,
2014-07-18,2.23,
2014-07-19,.,No value available
2014-07-20,.,No value available
2014-07-21,2.21,
2014-07-22,2.23,
2014-07-23,2.23,
2014-07-24,2.24,
2014-07-25,2.24,
2014-07-26,.,No value available
2014-07-27,.,No value available
2014-07-28,2.21,
2014-07-29,2.14,
2014-07-30,2.15,
2014-07-31,2.19,
2014-08-01,2.24,
2014-08-02,.,No value available
2014-08-03,.,No value available
2014-08-04,2.20,
2014-08-05,2.19,
2014-08-06,2.14,
2014-08-07,2.12,
2014-08-08,2.03,
2014-08-09,.,No value available
2014-08-10,.,No value available
2014-08-11,2.07,
2014-08-12,2.09,
2014-08-13,2.13,
2014-08-14,2.06,
2014-08-15,2.04,
2014-08-16,.,No value available
2014-08-17,.,No value available
2014-08-18,2.02,
2014-08-19,2.02,
2014-08-20,2.00,
2014-08-21,1.98,
2014-08-22,1.95,
2014-08-23,.,No value available
2014-08-24,.,No value available
2014-08-25,1.95,
2014-08-26,1.93,
2014-08-27,1.92,
2014-08-28,1.91,
2014-08-29,1.89,
2014-08-30,.,No value available
2014-08-31,.,No value available
2014-09-01,1.89,
2014-09-02,1.96,
2014-09-03,2.00,
2014-09-04,2.00,
2014-09-05,2.10,
2014-09-06,.,No value available
2014-09-07,.,No value available
2014-09-08,2.03,
2014-09-09,2.10,
2014-09-10,2.12,
2014-09-11,2.10,
2014-09-12,2.11,
2014-09-13,.,No value available
2014-09-14,.,No value available
2014-09-15,2.11,
2014-09-16,2.11,
2014-09-17,2.15,
2014-09-18,2.13,
2014-09-19,2.17,
2014-09-20,.,No value available
2014-09-21,.,No value available
2014-09-22,2.11,
2014-09-23,2.07,
2014-09-24,2.04,
2014-09-25,2.06,
2014-09-26,2.03,
2014-09-27,.,No value available
2014-09-28,.,No value available
2014-09-29,2.02,
2014-09-30,2.03,
2014-10-01,1.99,
2014-10-02,1.97,
2014-10-03,.,No value available
2014-10-04,.,No value available
2014-10-05,.,No value available
2014-10-06,1.94,
2014-10-07,1.96,
2014-10-08,1.94,
2014-10-09,1.96,
2014-10-10,1.96,
2014-10-11,.,No value available
2014-10-12,.,No value available
2014-10-13,1.95,
2014-10-14,1.94,
2014-10-15,1.92,
2014-10-16,1.76,
2014-10-17,1.94,
2014-10-18,.,No value available
2014-10-19,.,No value available
2014-10-20,1.96,
2014-10-21,1.96,
2014-10-22,1.98,
2014-10-23,2.01,
2014-10-24,2.02,
2014-10-25,.,No value available
2014-10-26,.,No value available
2014-10-27,2.01,
2014-10-28,1.97,
2014-10-29,1.99,
2014-10-30,1.97,
2014-10-31,1.94,
2014-11-01,.,No value available
2014-11-02,.,No value available
2014-11-03,1.95,
2014-11-04,1.95,
2014-11-05,1.97,
2014-11-06,1.98,
2014-11-07,2.01,
2014-11-08,.,No value available
2014-11-09,.,No value available
2014-11-10,1.95,
2014-11-11,1.99,
2014-11-12,1.93,
2014-11-13,1.94,
2014-11-14,1.91,
2014-11-15,.,No value available
2014-11-16,.,No value available
2014-11-17,1.90,
2014-11-18,1.92,
2014-11-19,1.93,
2014-11-20,1.92,
2014-11-21,1.89,
2014-11-22,.,No value available
2014-11-23,.,No value available
2014-11-24,1.92,
2014-11-25,1.90,
2014-11-26,1.86,
2014-11-27,1.80,
2014-11-28,1.78,
2014-11-29,.,No value available
2014-11-30,.,No value available
2014-12-01,1.78,
2014-12-02,1.82,
2014-12-03,1.82,
2014-12-04,1.86,
2014-12-05,1.84,
2014-12-06,.,No value available
2014-12-07,.,No value available
2014-12-08,1.81,
2014-12-09,1.76,
2014-12-10,1.70,
2014-12-11,1.69,
2014-12-12,1.64,
2014-12-13,.,No value available
2014-12-14,.,No value available
2014-12-15,1.63,
2014-12-16,1.59,
2014-12-17,1.57,
2014-12-18,1.59,
2014-12-19,1.64,
2014-12-20,.,No value available
2014-12-21,.,No value available
2014-12-22,1.63,
2014-12-23,1.62,
2014-12-24,.,No value available
2014-12-25,.,No value available
2014-12-26,.,No value available
2014-12-27,.,No value available
2014-12-28,.,No value available
2014-12-29,1.58,
2014-12-30,1.57,
2014-12-31,.,No value available
2015-01-01,.,No value available
2015-01-02,1.55,
2015-01-03,.,No value available
2015-01-04,.,No value available
2015-01-05,1.49,
2015-01-06,1.39,
2015-01-07,1.29,
2015-01-08,1.35,
2015-01-09,1.41,
2015-01-10,.,No value available
2015-01-11,.,No value available
2015-01-12,1.35,
2015-01-13,1.28,
2015-01-14,1.32,
2015-01-15,1.31,
2015-01-16,1.25,
2015-01-17,.,No value available
2015-01-18,.,No value available
2015-01-19,1.26,
2015-01-20,1.27,
2015-01-21,1.29,
2015-01-22,1.40,
2015-01-23,1.17,
2015-01-24,.,No value available
2015-01-25,.,No value available
2015-01-26,1.15,
2015-01-27,1.18,
2015-01-28,1.18,
2015-01-29,1.10,
2015-01-30,1.09,
2015-01-31,.,No value available
2015-02-01,.,No value available
2015-02-02,0.98,
2015-02-03,1.02,
2015-02-04,1.05,
2015-02-05,1.01,
2015-02-06,1.00,
2015-02-07,.,No value available
2015-02-08,.,No value available
2015-02-09,0.99,
2015-02-10,1.02,
2015-02-11,1.02,
2015-02-12,1.02,
2015-02-13,0.99,
2015-02-14,.,No value available
2015-02-15,.,No value available
2015-02-16,1.02,
2015-02-17,1.02,
2015-02-18,1.09,
2015-02-19,1.12,
2015-02-20,1.15,
2015-02-21,.,No value available
2015-02-22,.,No value available
2015-02-23,1.21,
2015-02-24,1.20,
2015-02-25,1.09,
2015-02-26,1.03,
2015-02-27,1.08,
2015-02-28,.,No value available
2015-03-01,.,No value available
2015-03-02,1.09,
2015-03-03,1.10,
2015-03-04,1.09,
2015-03-05,1.09,
2015-03-06,1.00,
2015-03-07,.,No value available
2015-03-08,.,No value available
2015-03-09,1.00,
2015-03-10,0.91,
2015-03-11,0.78,
2015-03-12,0.67,
2015-03-13,0.79,
2015-03-14,.,No value available
2015-03-15,.,No value available
2015-03-16,0.79,
2015-03-17,0.76,
2015-03-18,0.78,
2015-03-19,0.70,
2015-03-20,0.71,
2015-03-21,.,No value available
2015-03-22,.,No value available
2015-03-23,0.71,
2015-03-24,0.71,
2015-03-25,0.71,
2015-03-26,0.70,
2015-03-27,0.76,
2015-03-28,.,No value available
2015-03-29,.,No value available
2015-03-30,0.70,
2015-03-31,0.70,
2015-04-01,0.69,
2015-04-02,0.69,
2015-04-03,.,No value available
2015-04-04,.,No value available
2015-04-05,.,No value available
2015-04-06,.,No value available
2015-04-07,0.73,
2015-04-08,0.73,
2015-04-09,0.74,
2015-04-10,0.74,
2015-04-11,.,No value available
2015-04-12,.,No value available
2015-04-13,0.71,
2015-04-14,0.67,
2015-04-15,0.64,
2015-04-16,0.56,
2015-04-17,0.53,
2015-04-18,.,No value available
2015-04-19,.,No value available
2015-04-20,0.53,
2015-04-21,0.53,
2015-04-22,0.56,
2015-04-23,0.65,
2015-04-24,0.68,
2015-04-25,.,No value available
2015-04-26,.,No value available
2015-04-27,0.64,
2015-04-28,0.71,
2015-04-29,0.81,
2015-04-30,0.94,
2015-05-01,.,No value available
2015-05-02,.,No value available
2015-05-03,.,No value available
2015-05-04,1.03,
2015-05-05,1.03,
2015-05-06,1.19,
2015-05-07,1.48,
2015-05-08,1.24,
2015-05-09,.,No value available
2015-05-10,.,No value available
2015-05-11,1.25,
2015-05-12,1.43,
2015-05-13,1.35,
2015-05-14,1.52,
2015-05-15,1.37,
2015-05-16,.,No value available
2015-05-17,.,No value available
2015-05-18,1.37,
2015-05-19,1.25,
2015-05-20,1.28,
2015-05-21,1.35,
2015-05-22,1.32,
2015-05-23,.,No value available
2015-05-24,.,No value available
2015-05-25,.,No value available
2015-05-26,1.25,
2015-05-27,1.22,
2015-05-28,1.25,
2015-05-29,1.19,
2015-05-30,.,No value available
2015-05-31,.,No value available
2015-06-01,1.17,
2015-06-02,1.30,
2015-06-03,1.42,
2015-06-04,1.68,
2015-06-05,1.59,
2015-06-06,.,No value available
2015-06-07,.,No value available
2015-06-08,1.63,
2015-06-09,1.67,
2015-06-10,1.81,
2015-06-11,1.82,
2015-06-12,1.68,
2015-06-13,.,No value available
2015-06-14,.,No value available
2015-06-15,1.60,
2015-06-16,1.54,
2015-06-17,1.60,
2015-06-18,1.51,
2015-06-19,1.55,
2015-06-20,.,No value available
2015-06-21,.,No value available
2015-06-22,1.63,
2015-06-23,1.72,
2015-06-24,1.70,
2015-06-25,1.71,
2015-06-26,1.74,
2015-06-27,.,No value available
2015-06-28,.,No value available
2015-06-29,1.66,
2015-06-30,1.68,
2015-07-01,1.75,
2015-07-02,1.82,
2015-07-03,1.77,
2015-07-04,.,No value available
2015-07-05,.,No value available
2015-07-06,1.64,
2015-07-07,1.62,
2015-07-08,1.44,
2015-07-09,1.47,
2015-07-10,1.68,
2015-07-11,.,No value available
2015-07-12,.,No value available
2015-07-13,1.80,
2015-07-14,1.74,
2015-07-15,1.71,
2015-07-16,1.67,
2015-07-17,1.62,
2015-07-18,.,No value available
2015-07-19,.,No value available
2015-07-20,1.57,
2015-07-21,1.54,
2015-07-22,1.59,
2015-07-23,1.53,
2015-07-24,1.52,
2015-07-25,.,No value available
2015-07-26,.,No value available
2015-07-27,1.45,
2015-07-28,1.50,
2015-07-29,1.48,
2015-07-30,1.50,
2015-07-31,1.47,
2015-08-01,.,No value available
2015-08-02,.,No value available
2015-08-03,1.42,
2015-08-04,1.40,
2015-08-05,1.47,
2015-08-06,1.53,
2015-08-07,1.54,
2015-08-08,.,No value available
2015-08-09,.,No value available
2015-08-10,1.47,
2015-08-11,1.45,
2015-08-12,1.36,
2015-08-13,1.36,
2015-08-14,1.36,
2015-08-15,.,No value available
2015-08-16,.,No value available
2015-08-17,1.36,
2015-08-18,1.40,
2015-08-19,1.37,
2015-08-20,1.35,
2015-08-21,1.30,
2015-08-22,.,No value available
2015-08-23,.,No value available
2015-08-24,1.27,
2015-08-25,1.35,
2015-08-26,1.38,
2015-08-27,1.46,
2015-08-28,1.47,
2015-08-29,.,No value available
2015-08-30,.,No value available
2015-08-31,1.47,
2015-09-01,1.56,
2015-09-02,1.52,
2015-09-03,1.53,
2015-09-04,1.47,
2015-09-05,.,No value available
2015-09-06,.,No value available
2015-09-07,1.46,
2015-09-08,1.49,
2015-09-09,1.52,
2015-09-10,1.49,
2015-09-11,1.51,
2015-09-12,.,No value available
2015-09-13,.,No value available
2015-09-14,1.49,
2015-09-15,1.50,
2015-09-16,1.56,
2015-09-17,1.58,
2015-09-18,1.46,
2015-09-19,.,No value available
2015-09-20,.,No value available
2015-09-21,1.46,
2015-09-22,1.45,
2015-09-23,1.42,
2015-09-24,1.39,
2015-09-25,1.42,
2015-09-26,.,No value available
2015-09-27,.,No value available
2015-09-28,1.41,
2015-09-29,1.38,
2015-09-30,1.40,
2015-10-01,1.41,
2015-10-02,1.39,
2015-10-03,.,No value available
2015-10-04,.,No value available
2015-10-05,1.36,
2015-10-06,1.42,
2015-10-07,1.46,
2015-10-08,1.38,
2015-10-09,1.42,
2015-10-10,.,No value available
2015-10-11,.,No value available
2015-10-12,1.42,
2015-10-13,1.38,
2015-10-14,1.40,
2015-10-15,1.38,
2015-10-16,1.38,
2015-10-17,.,No value available
2015-10-18,.,No value available
2015-10-19,1.39,
2015-10-20,1.41,
2015-10-21,1.43,
2015-10-22,1.39,
2015-10-23,1.35,
2015-10-24,.,No value available
2015-10-25,.,No value available
2015-10-26,1.33,
2015-10-27,1.33,
2015-10-28,1.24,
2015-10-29,1.24,
2015-10-30,1.30,
2015-10-31,.,No value available
2015-11-01,.,No value available
2015-11-02,1.37,
2015-11-03,1.37,
2015-11-04,1.43,
2015-11-05,1.44,
2015-11-06,1.52,
2015-11-07,.,No value available
2015-11-08,.,No value available
2015-11-09,1.65,
2015-11-10,1.58,
2015-11-11,1.58,
2015-11-12,1.56,
2015-11-13,1.52,
2015-11-14,.,No value available
2015-11-15,.,No value available
2015-11-16,1.52,
2015-11-17,1.45,
2015-11-18,1.43,
2015-11-19,1.38,
2015-11-20,1.38,
2015-11-21,.,No value available
2015-11-22,.,No value available
2015-11-23,1.36,
2015-11-24,1.36,
2015-11-25,1.38,
2015-11-26,1.38,
2015-11-27,1.37,
2015-11-28,.,No value available
2015-11-29,.,No value available
2015-11-30,1.39,
2015-12-01,1.46,
2015-12-02,1.44,
2015-12-03,1.45,
2015-12-04,1.53,
2015-12-05,.,No value available
2015-12-06,.,No value available
2015-12-07,1.51,
2015-12-08,1.48,
2015-12-09,1.43,
2015-12-10,1.49,
2015-12-11,1.45,
2015-12-12,.,No value available
2015-12-13,.,No value available
2015-12-14,1.43,
2015-12-15,1.50,
2015-12-16,1.46,
2015-12-17,1.42,
2015-12-18,1.38,
2015-12-19,.,No value available
2015-12-20,.,No value available
2015-12-21,1.37,
2015-12-22,1.41,
2015-12-23,1.47,
2015-12-24,.,No value available
2015-12-25,.,No value available
2015-12-26,.,No value available
2015-12-27,.,No value available
2015-12-28,1.50,
2015-12-29,1.51,
2015-12-30,1.59,
2015-12-31,.,No value available
2016-01-01,.,No value available
2016-01-02,.,No value available
2016-01-03,.,No value available
2016-01-04,1.51,
2016-01-05,1.50,
2016-01-06,1.44,
2016-01-07,1.45,
2016-01-08,1.49,
2016-01-09,.,No value available
2016-01-10,.,No value available
2016-01-11,1.46,
2016-01-12,1.50,
2016-01-13,1.39,
2016-01-14,1.36,
2016-01-15,1.40,
2016-01-16,.,No value available
2016-01-17,.,No value available
2016-01-18,1.40,
2016-01-19,1.42,
2016-01-20,1.33,
2016-01-21,1.28,
2016-01-22,1.34,
2016-01-23,.,No value available
2016-01-24,.,No value available
2016-01-25,1.31,
2016-01-26,1.27,
2016-01-27,1.25,
2016-01-28,1.24,
2016-01-29,1.14,
2016-01-30,.,No value available
2016-01-31,.,No value available
2016-02-01,1.12,
2016-02-02,1.13,
2016-02-03,1.10,
2016-02-04,1.10,
2016-02-05,1.10,
2016-02-06,.,No value available
2016-02-07,.,No value available
2016-02-08,1.02,
2016-02-09,0.99,
2016-02-10,1.04,
2016-02-11,0.91,
2016-02-12,0.95,
2016-02-13,.,No value available
2016-02-14,.,No value available
2016-02-15,1.00,
2016-02-16,1.02,
2016-02-17,1.02,
2016-02-18,1.02,
2016-02-19,0.96,
2016-02-20,.,No value available
2016-02-21,.,No value available
2016-02-22,0.96,
2016-02-23,0.93,
2016-02-24,0.87,
2016-02-25,0.90,
2016-02-26,0.91,
2016-02-27,.,No value available
2016-02-28,.,No value available
2016-02-29,0.88,
2016-03-01,0.97,
2016-03-02,1.06,
2016-03-03,1.04,
2016-03-04,1.04,
2016-03-05,.,No value available
2016-03-06,.,No value available
2016-03-07,1.06,
2016-03-08,1.04,
2016-03-09,1.07,
2016-03-10,1.07,
2016-03-11,1.12,
2016-03-12,.,No value available
2016-03-13,.,No value available
2016-03-14,1.08,
2016-03-15,1.08,
2016-03-16,1.13,
2016-03-17,1.07,
2016-03-18,0.99,
2016-03-19,.,No value available
2016-03-20,.,No value available
2016-03-21,0.97,
2016-03-22,1.00,
2016-03-23,1.02,
2016-03-24,0.94,
2016-03-25,.,No value available
2016-03-26,.,No value available
2016-03-27,.,No value available
2016-03-28,.,No value available
2016-03-29,0.90,
2016-03-30,0.88,
2016-03-31,0.91,
2016-04-01,0.90,
2016-04-02,.,No value available
2016-04-03,.,No value available
2016-04-04,0.88,
2016-04-05,0.84,
2016-04-06,0.87,
2016-04-07,0.86,
2016-04-08,0.85,
2016-04-09,.,No value available
2016-04-10,.,No value available
2016-04-11,0.85,
2016-04-12,0.97,
2016-04-13,0.99,
2016-04-14,0.96,
2016-04-15,0.94,
2016-04-16,.,No value available
2016-04-17,.,No value available
2016-04-18,0.92,
2016-04-19,1.00,
2016-04-20,0.97,
2016-04-21,1.03,
2016-04-22,1.05,
2016-04-23,.,No value available
2016-04-24,.,No value available
2016-04-25,1.10,
2016-04-26,1.14,
2016-04-27,1.16,
2016-04-28,1.11,
2016-04-29,1.11,
2016-04-30,.,No value available
2016-05-01,.,No value available
2016-05-02,1.10,
2016-05-03,1.09,
2016-05-04,1.03,
2016-05-05,1.07,
2016-05-06,0.97,
2016-05-07,.,No value available
2016-05-08,.,No value available
2016-05-09,0.97,
2016-05-10,0.95,
2016-05-11,0.94,
2016-05-12,0.99,
2016-05-13,0.96,
2016-05-14,.,No value available
2016-05-15,.,No value available
2016-05-16,.,No value available
2016-05-17,0.99,
2016-05-18,0.97,
2016-05-19,1.02,
2016-05-20,0.99,
2016-05-21,.,No value available
2016-05-22,.,No value available
2016-05-23,0.99,
2016-05-24,1.01,
2016-05-25,1.01,
2016-05-26,0.98,
2016-05-27,0.95,
2016-05-28,.,No value available
2016-05-29,.,No value available
2016-05-30,1.00,
2016-05-31,1.00,
2016-06-01,0.96,
2016-06-02,0.97,
2016-06-03,0.91,
2016-06-04,.,No value available
2016-06-05,.,No value available
2016-06-06,0.84,
2016-06-07,0.84,
2016-06-08,0.78,
2016-06-09,0.74,
2016-06-10,0.70,
2016-06-11,.,No value available
2016-06-12,.,No value available
2016-06-13,0.65,
2016-06-14,0.62,
2016-06-15,0.65,
2016-06-16,0.59,
2016-06-17,0.62,
2016-06-18,.,No value available
2016-06-19,.,No value available
2016-06-20,0.72,
2016-06-21,0.74,
2016-06-22,0.73,
2016-06-23,0.74,
2016-06-24,0.54,
2016-06-25,.,No value available
2016-06-26,.,No value available
2016-06-27,0.44,
2016-06-28,0.48,
2016-06-29,0.48,
2016-06-30,0.48,
2016-07-01,0.44,
2016-07-02,.,No value available
2016-07-03,.,No value available
2016-07-04,0.49,
2016-07-05,0.43,
2016-07-06,0.36,
2016-07-07,0.44,
2016-07-08,0.44,
2016-07-09,.,No value available
2016-07-10,.,No value available
2016-07-11,0.40,
2016-07-12,0.50,
2016-07-13,0.52,
2016-07-14,0.50,
2016-07-15,0.55,
2016-07-16,.,No value available
2016-07-17,.,No value available
2016-07-18,0.59,
2016-07-19,0.56,
2016-07-20,0.58,
2016-07-21,0.62,
2016-07-22,0.59,
2016-07-23,.,No value available
2016-07-24,.,No value available
2016-07-25,0.57,
2016-07-26,0.50,
2016-07-27,0.52,
2016-07-28,0.43,
2016-07-29,0.44,
2016-07-30,.,No value available
2016-07-31,.,No value available
2016-08-01,0.40,
2016-08-02,0.46,
2016-08-03,0.49,
2016-08-04,0.49,
2016-08-05,0.47,
2016-08-06,.,No value available
2016-08-07,.,No value available
2016-08-08,0.51,
2016-08-09,0.51,
2016-08-10,0.46,
2016-08-11,0.46,
2016-08-12,0.48,
2016-08-13,.,No value available
2016-08-14,.,No value available
2016-08-15,0.47,
2016-08-16,0.48,
2016-08-17,0.54,
2016-08-18,0.50,
2016-08-19,0.47,
2016-08-20,.,No value available
2016-08-21,.,No value available
2016-08-22,0.51,
2016-08-23,0.48,
2016-08-24,0.47,
2016-08-25,0.49,
2016-08-26,0.52,
2016-08-27,.,No value available
2016-08-28,.,No value available
2016-08-29,0.55,
2016-08-30,0.52,
2016-08-31,0.49,
2016-09-01,0.56,
2016-09-02,0.57,
2016-09-03,.,No value available
2016-09-04,.,No value available
2016-09-05,0.61,
2016-09-06,0.58,
2016-09-07,0.49,
2016-09-08,0.50,
2016-09-09,0.65,
2016-09-10,.,No value available
2016-09-11,.,No value available
2016-09-12,0.71,
2016-09-13,0.67,
2016-09-14,0.74,
2016-09-15,0.73,
2016-09-16,0.70,
2016-09-17,.,No value available
2016-09-18,.,No value available
2016-09-19,0.74,
2016-09-20,0.67,
2016-09-21,0.64,
2016-09-22,0.59,
2016-09-23,0.54,
2016-09-24,.,No value available
2016-09-25,.,No value available
2016-09-26,0.52,
2016-09-27,0.48,
2016-09-28,0.50,
2016-09-29,0.52,
2016-09-30,0.46,
2016-10-01,.,No value available
2016-10-02,.,No value available
2016-10-03,.,No value available
2016-10-04,0.54,
2016-10-05,0.62,
2016-10-06,0.64,
2016-10-07,0.74,
2016-10-08,.,No value available
2016-10-09,.,No value available
2016-10-10,0.75,
2016-10-11,0.76,
2016-10-12,0.75,
2016-10-13,0.76,
2016-10-14,0.75,
2016-10-15,.,No value available
2016-10-16,.,No value available
2016-10-17,0.80,
2016-10-18,0.77,
2016-10-19,0.73,
2016-10-20,0.73,
2016-10-21,0.67,
2016-10-22,.,No value available
2016-10-23,.,No value available
2016-10-24,0.69,
2016-10-25,0.74,
2016-10-26,0.75,
2016-10-27,0.89,
2016-10-28,0.92,
2016-10-29,.,No value available
2016-10-30,.,No value available
2016-10-31,0.89,
2016-11-01,0.92,
2016-11-02,0.83,
2016-11-03,0.87,
2016-11-04,0.84,
2016-11-05,.,No value available
2016-11-06,.,No value available
2016-11-07,0.84,
2016-11-08,0.84,
2016-11-09,0.89,
2016-11-10,0.97,
2016-11-11,1.04,
2016-11-12,.,No value available
2016-11-13,.,No value available
2016-11-14,1.11,
2016-11-15,1.02,
2016-11-16,1.05,
2016-11-17,0.97,
2016-11-18,1.01,
2016-11-19,.,No value available
2016-11-20,.,No value available
2016-11-21,1.02,
2016-11-22,0.96,
2016-11-23,0.90,
2016-11-24,0.93,
2016-11-25,0.95,
2016-11-26,.,No value available
2016-11-27,.,No value available
2016-11-28,0.91,
2016-11-29,0.89,
2016-11-30,0.89,
2016-12-01,1.02,
2016-12-02,1.12,
2016-12-03,.,No value available
2016-12-04,.,No value available
2016-12-05,1.09,
2016-12-06,1.09,
2016-12-07,1.12,
2016-12-08,1.16,
2016-12-09,1.30,
2016-12-10,.,No value available
2016-12-11,.,No value available
2016-12-12,1.35,
2016-12-13,1.28,
2016-12-14,1.23,
2016-12-15,1.26,
2016-12-16,1.18,
2016-12-17,.,No value available
2016-12-18,.,No value available
2016-12-19,1.18,
2016-12-20,1.11,
2016-12-21,1.07,
2016-12-22,1.06,
2016-12-23,1.06,
2016-12-24,.,No value available
2016-12-25,.,No value available
2016-12-26,.,No value available
2016-12-27,1.02,
2016-12-28,1.00,
2016-12-29,0.99,
2016-12-30,1.03,
2016-12-31,.,No value available
2017-01-01,.,No value available
2017-01-02,1.02,
2017-01-03,1.12,
2017-01-04,1.13,
2017-01-05,1.15,
2017-01-06,1.09,
2017-01-07,.,No value available
2017-01-08,.,No value available
2017-01-09,1.17,
2017-01-10,1.17,
2017-01-11,1.17,
2017-01-12,1.12,
2017-01-13,1.17,
2017-01-14,.,No value available
2017-01-15,.,No value available
2017-01-16,1.20,
2017-01-17,1.14,
2017-01-18,1.20,
2017-01-19,1.25,
2017-01-20,1.31,
2017-01-21,.,No value available
2017-01-22,.,No value available
2017-01-23,1.32,
2017-01-24,1.27,
2017-01-25,1.33,
2017-01-26,1.38,
2017-01-27,1.31,
2017-01-28,.,No value available
2017-01-29,.,No value available
2017-01-30,1.33,
2017-01-31,1.32,
2017-02-01,1.30,
2017-02-02,1.32,
2017-02-03,1.32,
2017-02-04,.,No value available
2017-02-05,.,No value available
2017-02-06,1.31,
2017-02-07,1.26,
2017-02-08,1.21,
2017-02-09,1.15,
2017-02-10,1.17,
2017-02-11,.,No value available
2017-02-12,.,No value available
2017-02-13,1.22,
2017-02-14,1.21,
2017-02-15,1.28,
2017-02-16,1.28,
2017-02-17,1.16,
2017-02-18,.,No value available
2017-02-19,.,No value available
2017-02-20,1.24,
2017-02-21,1.29,
2017-02-22,1.22,
2017-02-23,1.19,
2017-02-24,1.12,
2017-02-25,.,No value available
2017-02-26,.,No value available
2017-02-27,1.08,
2017-02-28,1.12,
2017-03-01,1.17,
2017-03-02,1.23,
2017-03-03,1.24,
2017-03-04,.,No value available
2017-03-05,.,No value available
2017-03-06,1.24,
2017-03-07,1.28,
2017-03-08,1.30,
2017-03-09,1.32,
2017-03-10,1.39,
2017-03-11,.,No value available
2017-03-12,.,No value available
2017-03-13,1.32,
2017-03-14,1.33,
2017-03-15,1.29,
2017-03-16,1.30,
2017-03-17,1.31,
2017-03-18,.,No value available
2017-03-19,.,No value available
2017-03-20,1.29,
2017-03-21,1.34,
2017-03-22,1.24,
2017-03-23,1.24,
2017-03-24,1.27,
2017-03-25,.,No value available
2017-03-26,.,No value available
2017-03-27,1.22,
2017-03-28,1.24,
2017-03-29,1.24,
2017-03-30,1.21,
2017-03-31,1.22,
2017-04-01,.,No value available
2017-04-02,.,No value available
2017-04-03,1.20,
2017-04-04,1.14,
2017-04-05,1.16,
2017-04-06,1.16,
2017-04-07,1.14,
2017-04-08,.,No value available
2017-04-09,.,No value available
2017-04-10,1.10,
2017-04-11,1.09,
2017-04-12,1.07,
2017-04-13,1.00,
2017-04-14,.,No value available
2017-04-15,.,No value available
2017-04-16,.,No value available
2017-04-17,.,No value available
2017-04-18,1.00,
2017-04-19,1.00,
2017-04-20,1.05,
2017-04-21,1.04,
2017-04-22,.,No value available
2017-04-23,.,No value available
2017-04-24,1.16,
2017-04-25,1.22,
2017-04-26,1.22,
2017-04-27,1.22,
2017-04-28,1.23,
2017-04-29,.,No value available
2017-04-30,.,No value available
2017-05-01,.,No value available
2017-05-02,1.23,
2017-05-03,1.22,
2017-05-04,1.25,
2017-05-05,1.26,
2017-05-06,.,No value available
2017-05-07,.,No value available
2017-05-08,1.29,
2017-05-09,1.34,
2017-05-10,1.32,
2017-05-11,1.34,
2017-05-12,1.31,
2017-05-13,.,No value available
2017-05-14,.,No value available
2017-05-15,1.33,
2017-05-16,1.38,
2017-05-17,1.36,
2017-05-18,1.27,
2017-05-19,1.30,
2017-05-20,.,No value available
2017-05-21,.,No value available
2017-05-22,1.34,
2017-05-23,1.37,
2017-05-24,1.34,
2017-05-25,1.31,
2017-05-26,1.30,
2017-05-27,.,No value available
2017-05-28,.,No value available
2017-05-29,1.29,
2017-05-30,1.26,
2017-05-31,1.27,
2017-06-01,1.28,
2017-06-02,1.26,
2017-06-03,.,No value available
2017-06-04,.,No value available
2017-06-05,.,No value available
2017-06-06,1.25,
2017-06-07,1.24,
2017-06-08,1.26,
2017-06-09,1.22,
2017-06-10,.,No value available
2017-06-11,.,No value available
2017-06-12,1.24,
2017-06-13,1.24,
2017-06-14,1.21,
2017-06-15,1.17,
2017-06-16,1.24,
2017-06-17,.,No value available
2017-06-18,.,No value available
2017-06-19,1.23,
2017-06-20,1.20,
2017-06-21,1.17,
2017-06-22,1.14,
2017-06-23,1.16,
2017-06-24,.,No value available
2017-06-25,.,No value available
2017-06-26,1.16,
2017-06-27,1.17,
2017-06-28,1.28,
2017-06-29,1.31,
2017-06-30,1.32,
2017-07-01,.,No value available
2017-07-02,.,No value available
2017-07-03,1.36,
2017-07-04,1.40,
2017-07-05,1.44,
2017-07-06,1.38,
2017-07-07,1.42,
2017-07-08,.,No value available
2017-07-09,.,No value available
2017-07-10,1.42,
2017-07-11,1.46,
2017-07-12,1.42,
2017-07-13,1.42,
2017-07-14,1.41,
2017-07-15,.,No value available
2017-07-16,.,No value available
2017-07-17,1.41,
2017-07-18,1.40,
2017-07-19,1.40,
2017-07-20,1.40,
2017-07-21,1.38,
2017-07-22,.,No value available
2017-07-23,.,No value available
2017-07-24,1.36,
2017-07-25,1.37,
2017-07-26,1.42,
2017-07-27,1.38,
2017-07-28,1.45,
2017-07-29,.,No value available
2017-07-30,.,No value available
2017-07-31,1.44,
2017-08-01,1.36,
2017-08-02,1.34,
2017-08-03,1.33,
2017-08-04,1.29,
2017-08-05,.,No value available
2017-08-06,.,No value available
2017-08-07,1.31,
2017-08-08,1.33,
2017-08-09,1.30,
2017-08-10,1.30,
2017-08-11,1.23,
2017-08-12,.,No value available
2017-08-13,.,No value available
2017-08-14,1.29,
2017-08-15,1.29,
2017-08-16,1.32,
2017-08-17,1.30,
2017-08-18,1.26,
2017-08-19,.,No value available
2017-08-20,.,No value available
2017-08-21,1.26,
2017-08-22,1.26,
2017-08-23,1.28,
2017-08-24,1.24,
2017-08-25,1.28,
2017-08-26,.,No value available
2017-08-27,.,No value available
2017-08-28,1.27,
2017-08-29,1.20,
2017-08-30,1.23,
2017-08-31,1.24,
2017-09-01,1.24,
2017-09-02,.,No value available
2017-09-03,.,No value available
2017-09-04,1.28,
2017-09-05,1.30,
2017-09-06,1.23,
2017-09-07,1.25,
2017-09-08,1.23,
2017-09-09,.,No value available
2017-09-10,.,No value available
2017-09-11,1.26,
2017-09-12,1.27,
2017-09-13,1.33,
2017-09-14,1.33,
2017-09-15,1.36,
2017-09-16,.,No value available
2017-09-17,.,No value available
2017-09-18,1.36,
2017-09-19,1.37,
2017-09-20,1.35,
2017-09-21,1.37,
2017-09-22,1.36,
2017-09-23,.,No value available
2017-09-24,.,No value available
2017-09-25,1.31,
2017-09-26,1.33,
2017-09-27,1.40,
2017-09-28,1.42,
2017-09-29,1.37,
2017-09-30,.,No value available
2017-10-01,.,No value available
2017-10-02,1.38,
2017-10-03,.,No value available
2017-10-04,1.36,
2017-10-05,1.36,
2017-10-06,1.39,
2017-10-07,.,No value available
2017-10-08,.,No value available
2017-10-09,1.36,
2017-10-10,1.34,
2017-10-11,1.34,
2017-10-12,1.34,
2017-10-13,1.32,
2017-10-14,.,No value available
2017-10-15,.,No value available
2017-10-16,1.30,
2017-10-17,1.27,
2017-10-18,1.27,
2017-10-19,1.29,
2017-10-20,1.35,
2017-10-21,.,No value available
2017-10-22,.,No value available
2017-10-23,1.35,
2017-10-24,1.37,
2017-10-25,1.39,
2017-10-26,1.37,
2017-10-27,1.35,
2017-10-28,.,No value available
2017-10-29,.,No value available
2017-10-30,1.32,
2017-10-31,.,No value available
2017-11-01,1.28,
2017-11-02,1.32,
2017-11-03,1.28,
2017-11-04,.,No value available
2017-11-05,.,No value available
2017-11-06,1.26,
2017-11-07,1.27,
2017-11-08,1.24,
2017-11-09,1.26,
2017-11-10,1.34,
2017-11-11,.,No value available
2017-11-12,.,No value available
2017-11-13,1.32,
2017-11-14,1.36,
2017-11-15,1.30,
2017-11-16,1.33,
2017-11-17,1.31,
2017-11-18,.,No value available
2017-11-19,.,No value available
2017-11-20,1.27,
2017-11-21,1.23,
2017-11-22,1.24,
2017-11-23,1.22,
2017-11-24,1.24,
2017-11-25,.,No value available
2017-11-26,.,No value available
2017-11-27,1.23,
2017-11-28,1.21,
2017-11-29,1.24,
2017-11-30,1.24,
2017-12-01,1.20,
2017-12-02,.,No value available
2017-12-03,.,No value available
2017-12-04,1.19,
2017-12-05,1.21,
2017-12-06,1.19,
2017-12-07,1.19,
2017-12-08,1.23,
2017-12-09,.,No value available
2017-12-10,.,No value available
2017-12-11,1.20,
2017-12-12,1.19,
2017-12-13,1.24,
2017-12-14,1.23,
2017-12-15,1.19,
2017-12-16,.,No value available
2017-12-17,.,No value available
2017-12-18,1.16,
2017-12-19,1.21,
2017-12-20,1.26,
2017-12-21,1.32,
2017-12-22,1.29,
2017-12-23,.,No value available
2017-12-24,.,No value available
2017-12-25,.,No value available
2017-12-26,.,No value available
2017-12-27,1.29,
2017-12-28,1.30,
2017-12-29,1.32,
2017-12-30,.,No value available
2017-12-31,.,No value available
2018-01-01,.,No value available
2018-01-02,1.36,
2018-01-03,1.36,
2018-01-04,1.35,
2018-01-05,1.31,
2018-01-06,.,No value available
2018-01-07,.,No value available
2018-01-08,1.33,
2018-01-09,1.34,
2018-01-10,1.37,
2018-01-11,1.36,
2018-01-12,1.37,
2018-01-13,.,No value available
2018-01-14,.,No value available
2018-01-15,1.38,
2018-01-16,1.34,
2018-01-17,1.33,
2018-01-18,1.38,
2018-01-19,1.37,
2018-01-20,.,No value available
2018-01-21,.,No value available
2018-01-22,1.39,
2018-01-23,1.35,
2018-01-24,1.38,
2018-01-25,1.38,
2018-01-26,1.31,
2018-01-27,.,No value available
2018-01-28,.,No value available
2018-01-29,1.35,
2018-01-30,1.39,
2018-01-31,1.37,
2018-02-01,1.39,
2018-02-02,1.43,
2018-02-03,.,No value available
2018-02-04,.,No value available
2018-02-05,1.44,
2018-02-06,1.40,
2018-02-07,1.39,
2018-02-08,1.44,
2018-02-09,1.43,
2018-02-10,.,No value available
2018-02-11,.,No value available
2018-02-12,1.42,
2018-02-13,1.40,
2018-02-14,1.42,
2018-02-15,1.47,
2018-02-16,1.44,
2018-02-17,.,No value available
2018-02-18,.,No value available
2018-02-19,1.43,
2018-02-20,1.46,
2018-02-21,1.42,
2018-02-22,1.43,
2018-02-23,1.39,
2018-02-24,.,No value available
2018-02-25,.,No value available
2018-02-26,1.35,
2018-02-27,1.36,
2018-02-28,1.36,
2018-03-01,1.34,
2018-03-02,1.31,
2018-03-03,.,No value available
2018-03-04,.,No value available
2018-03-05,1.33,
2018-03-06,1.39,
2018-03-07,1.39,
2018-03-08,1.38,
2018-03-09,1.35,
2018-03-10,.,No value available
2018-03-11,.,No value available
2018-03-12,1.37,
2018-03-13,1.34,
2018-03-14,1.34,
2018-03-15,1.30,
2018-03-16,1.26,
2018-03-17,.,No value available
2018-03-18,.,No value available
2018-03-19,1.26,
2018-03-20,1.28,
2018-03-21,1.29,
2018-03-22,1.25,
2018-03-23,1.21,
2018-03-24,.,No value available
2018-03-25,.,No value available
2018-03-26,1.24,
2018-03-27,1.23,
2018-03-28,1.19,
2018-03-29,1.22,
2018-03-30,.,No value available
2018-03-31,.,No value available
2018-04-01,.,No value available
2018-04-02,.,No value available
2018-04-03,1.23,
2018-04-04,1.21,
2018-04-05,1.25,
2018-04-06,1.24,
2018-04-07,.,No value available
2018-04-08,.,No value available
2018-04-09,1.23,
2018-04-10,1.24,
2018-04-11,1.22,
2018-04-12,1.22,
2018-04-13,1.26,
2018-04-14,.,No value available
2018-04-15,.,No value available
2018-04-16,1.28,
2018-04-17,1.26,
2018-04-18,1.23,
2018-04-19,1.26,
2018-04-20,1.31,
2018-04-21,.,No value available
2018-04-22,.,No value available
2018-04-23,1.36,
2018-04-24,1.36,
2018-04-25,1.36,
2018-04-26,1.34,
2018-04-27,1.29,
2018-04-28,.,No value available
2018-04-29,.,No value available
2018-04-30,1.29,
2018-05-01,.,No value available
2018-05-02,1.32,
2018-05-03,1.31,
2018-05-04,1.28,
2018-05-05,.,No value available
2018-05-06,.,No value available
2018-05-07,1.28,
2018-05-08,1.27,
2018-05-09,1.32,
2018-05-10,1.30,
2018-05-11,1.29,
2018-05-12,.,No value available
2018-05-13,.,No value available
2018-05-14,1.33,
2018-05-15,1.35,
2018-05-16,1.36,
2018-05-17,1.38,
2018-05-18,1.40,
2018-05-19,.,No value available
2018-05-20,.,No value available
2018-05-21,.,No value available
2018-05-22,1.33,
2018-05-23,1.29,
2018-05-24,1.30,
2018-05-25,1.23,
2018-05-26,.,No value available
2018-05-27,.,No value available
2018-05-28,1.19,
2018-05-29,1.02,
2018-05-30,1.11,
2018-05-31,1.16,
2018-06-01,1.13,
2018-06-02,.,No value available
2018-06-03,.,No value available
2018-06-04,1.13,
2018-06-05,1.14,
2018-06-06,1.16,
2018-06-07,1.24,
2018-06-08,1.16,
2018-06-09,.,No value available
2018-06-10,.,No value available
2018-06-11,1.20,
2018-06-12,1.25,
2018-06-13,1.21,
2018-06-14,1.24,
2018-06-15,1.21,
2018-06-16,.,No value available
2018-06-17,.,No value available
2018-06-18,1.23,
2018-06-19,1.22,
2018-06-20,1.20,
2018-06-21,1.21,
2018-06-22,1.20,
2018-06-23,.,No value available
2018-06-24,.,No value available
2018-06-25,1.17,
2018-06-26,1.18,
2018-06-27,1.15,
2018-06-28,1.13,
2018-06-29,1.11,
2018-06-30,.,No value available
2018-07-01,.,No value available
2018-07-02,1.08,
2018-07-03,1.08,
2018-07-04,1.05,
2018-07-05,1.09,
2018-07-06,1.07,
2018-07-07,.,No value available
2018-07-08,.,No value available
2018-07-09,1.08,
2018-07-10,1.10,
2018-07-11,1.07,
2018-07-12,1.09,
2018-07-13,1.06,
2018-07-14,.,No value available
2018-07-15,.,No value available
2018-07-16,1.08,
2018-07-17,1.08,
2018-07-18,1.08,
2018-07-19,1.08,
2018-07-20,1.07,
2018-07-21,.,No value available
2018-07-22,.,No value available
2018-07-23,1.11,
2018-07-24,1.11,
2018-07-25,1.08,
2018-07-26,1.10,
2018-07-27,1.11,
2018-07-28,.,No value available
2018-07-29,.,No value available
2018-07-30,1.13,
2018-07-31,1.14,
2018-08-01,1.16,
2018-08-02,1.16,
2018-08-03,1.12,
2018-08-04,.,No value available
2018-08-05,.,No value available
2018-08-06,1.10,
2018-08-07,1.08,
2018-08-08,1.09,
2018-08-09,1.10,
2018-08-10,1.05,
2018-08-11,.,No value available
2018-08-12,.,No value available
2018-08-13,1.03,
2018-08-14,1.04,
2018-08-15,1.05,
2018-08-16,1.03,
2018-08-17,1.01,
2018-08-18,.,No value available
2018-08-19,.,No value available
2018-08-20,1.03,
2018-08-21,1.03,
2018-08-22,1.04,
2018-08-23,1.05,
2018-08-24,1.06,
2018-08-25,.,No value available
2018-08-26,.,No value available
2018-08-27,1.08,
2018-08-28,1.08,
2018-08-29,1.11,
2018-08-30,1.12,
2018-08-31,1.08,
2018-09-01,.,No value available
2018-09-02,.,No value available
2018-09-03,1.06,
2018-09-04,1.08,
2018-09-05,1.09,
2018-09-06,1.10,
2018-09-07,1.09,
2018-09-08,.,No value available
2018-09-09,.,No value available
2018-09-10,1.15,
2018-09-11,1.16,
2018-09-12,1.16,
2018-09-13,1.15,
2018-09-14,1.16,
2018-09-15,.,No value available
2018-09-16,.,No value available
2018-09-17,1.17,
2018-09-18,1.17,
2018-09-19,1.19,
2018-09-20,1.19,
2018-09-21,1.18,
2018-09-22,.,No value available
2018-09-23,.,No value available
2018-09-24,1.18,
2018-09-25,1.21,
2018-09-26,1.20,
2018-09-27,1.17,
2018-09-28,1.14,
2018-09-29,.,No value available
2018-09-30,.,No value available
2018-10-01,1.17,
2018-10-02,1.11,
2018-10-03,.,No value available
2018-10-04,1.20,
2018-10-05,1.21,
2018-10-06,.,No value available
2018-10-07,.,No value available
2018-10-08,1.20,
2018-10-09,1.25,
2018-10-10,1.23,
2018-10-11,1.18,
2018-10-12,1.20,
2018-10-13,.,No value available
2018-10-14,.,No value available
2018-10-15,1.17,
2018-10-16,1.19,
2018-10-17,1.17,
2018-10-18,1.17,
2018-10-19,1.11,
2018-10-20,.,No value available
2018-10-21,.,No value available
2018-10-22,1.14,
2018-10-23,1.11,
2018-10-24,1.08,
2018-10-25,1.08,
2018-10-26,1.07,
2018-10-27,.,No value available
2018-10-28,.,No value available
2018-10-29,1.06,
2018-10-30,1.10,
2018-10-31,1.10,
2018-11-01,1.11,
2018-11-02,1.13,
2018-11-03,.,No value available
2018-11-04,.,No value available
2018-11-05,1.14,
2018-11-06,1.12,
2018-11-07,1.12,
2018-11-08,1.15,
2018-11-09,1.13,
2018-11-10,.,No value available
2018-11-11,.,No value available
2018-11-12,1.10,
2018-11-13,1.10,
2018-11-14,1.11,
2018-11-15,1.10,
2018-11-16,1.11,
2018-11-17,.,No value available
2018-11-18,.,No value available
2018-11-19,1.13,
2018-11-20,1.10,
2018-11-21,1.11,
2018-11-22,1.10,
2018-11-23,1.10,
2018-11-24,.,No value available
2018-11-25,.,No value available
2018-11-26,1.10,
2018-11-27,1.10,
2018-11-28,1.08,
2018-11-29,1.08,
2018-11-30,1.07,
2018-12-01,.,No value available
2018-12-02,.,No value available
2018-12-03,1.07,
2018-12-04,1.02,
2018-12-05,0.97,
2018-12-06,0.95,
2018-12-07,0.95,
2018-12-08,.,No value available
2018-12-09,.,No value available
2018-12-10,0.93,
2018-12-11,0.92,
2018-12-12,0.90,
2018-12-13,0.91,
2018-12-14,0.94,
2018-12-15,.,No value available
2018-12-16,.,No value available
2018-12-17,0.96,
2018-12-18,0.93,
2018-12-19,0.93,
2018-12-20,0.91,
2018-12-21,0.92,
2018-12-22,.,No value available
2018-12-23,.,No value available
2018-12-24,.,No value available
2018-12-25,.,No value available
2018-12-26,.,No value available
2018-12-27,0.92,
2018-12-28,0.93,
2018-12-29,.,No value available
2018-12-30,.,No value available
2018-12-31,.,No value available
2019-01-01,.,No value available
2019-01-02,0.87,
2019-01-03,0.86,
2019-01-04,0.88,
2019-01-05,.,No value available
2019-01-06,.,No value available
2019-01-07,0.89,
2019-01-08,0.93,
2019-01-09,0.93,
2019-01-10,0.90,
2019-01-11,0.90,
2019-01-12,.,No value available
2019-01-13,.,No value available
2019-01-14,0.89,
2019-01-15,0.89,
2019-01-16,0.92,
2019-01-17,0.93,
2019-01-18,0.96,
2019-01-19,.,No value available
2019-01-20,.,No value available
2019-01-21,0.93,
2019-01-22,0.93,
2019-01-23,0.88,
2019-01-24,0.86,
2019-01-25,0.84,
2019-01-26,.,No value available
2019-01-27,.,No value available
2019-01-28,0.85,
2019-01-29,0.87,
2019-01-30,0.86,
2019-01-31,0.83,
2019-02-01,0.84,
2019-02-02,.,No value available
2019-02-03,.,No value available
2019-02-04,0.84,
2019-02-05,0.86,
2019-02-06,0.83,
2019-02-07,0.80,
2019-02-08,0.76,
2019-02-09,.,No value available
2019-02-10,.,No value available
2019-02-11,0.77,
2019-02-12,0.82,
2019-02-13,0.82,
2019-02-14,0.77,
2019-02-15,0.77,
2019-02-16,.,No value available
2019-02-17,.,No value available
2019-02-18,0.78,
2019-02-19,0.77,
2019-02-20,0.77,
2019-02-21,0.78,
2019-02-22,0.78,
2019-02-23,.,No value available
2019-02-24,.,No value available
2019-02-25,0.78,
2019-02-26,0.81,
2019-02-27,0.82,
2019-02-28,0.85,
2019-03-01,0.90,
2019-03-02,.,No value available
2019-03-03,.,No value available
2019-03-04,0.90,
2019-03-05,0.91,
2019-03-06,0.88,
2019-03-07,0.87,
2019-03-08,0.76,
2019-03-09,.,No value available
2019-03-10,.,No value available
2019-03-11,0.75,
2019-03-12,0.79,
2019-03-13,0.78,
2019-03-14,0.78,
2019-03-15,0.78,
2019-03-16,.,No value available
2019-03-17,.,No value available
2019-03-18,0.78,
2019-03-19,0.78,
2019-03-20,0.79,
2019-03-21,0.74,
2019-03-22,0.66,
2019-03-23,.,No value available
2019-03-24,.,No value available
2019-03-25,0.66,
2019-03-26,0.62,
2019-03-27,0.57,
2019-03-28,0.59,
2019-03-29,0.64,
2019-03-30,.,No value available
2019-03-31,.,No value available
2019-04-01,0.68,
2019-04-02,0.68,
2019-04-03,0.70,
2019-04-04,0.70,
2019-04-05,0.70,
2019-04-06,.,No value available
2019-04-07,.,No value available
2019-04-08,0.70,
2019-04-09,0.70,
2019-04-10,0.68,
2019-04-11,0.67,
2019-04-12,0.71,
2019-04-13,.,No value available
2019-04-14,.,No value available
2019-04-15,0.78,
2019-04-16,0.82,
2019-04-17,0.83,
2019-04-18,0.77,
2019-04-19,.,No value available
2019-04-20,.,No value available
2019-04-21,.,No value available
2019-04-22,.,No value available
2019-04-23,0.76,
2019-04-24,0.72,
2019-04-25,0.70,
2019-04-26,0.70,
2019-04-27,.,No value available
2019-04-28,.,No value available
2019-04-29,0.72,
2019-04-30,0.77,
2019-05-01,.,No value available
2019-05-02,0.75,
2019-05-03,0.77,
2019-05-04,.,No value available
2019-05-05,.,No value available
2019-05-06,0.73,
2019-05-07,0.72,
2019-05-08,0.69,
2019-05-09,0.66,
2019-05-10,0.70,
2019-05-11,.,No value available
2019-05-12,.,No value available
2019-05-13,0.68,
2019-05-14,0.65,
2019-05-15,0.63,
2019-05-16,0.58,
2019-05-17,0.60,
2019-05-18,.,No value available
2019-05-19,.,No value available
2019-05-20,0.62,
2019-05-21,0.62,
2019-05-22,0.65,
2019-05-23,0.63,
2019-05-24,0.63,
2019-05-25,.,No value available
2019-05-26,.,No value available
2019-05-27,0.59,
2019-05-28,0.56,
2019-05-29,0.56,
2019-05-30,0.56,
2019-05-31,0.51,
2019-06-01,.,No value available
2019-06-02,.,No value available
2019-06-03,0.49,
2019-06-04,0.46,
2019-06-05,0.46,
2019-06-06,0.45,
2019-06-07,0.42,
2019-06-08,.,No value available
2019-06-09,.,No value available
2019-06-10,.,No value available
2019-06-11,0.44,
2019-06-12,0.44,
2019-06-13,0.42,
2019-06-14,0.38,
2019-06-15,.,No value available
2019-06-16,.,No value available
2019-06-17,0.40,
2019-06-18,0.35,
2019-06-19,0.35,
2019-06-20,0.33,
2019-06-21,0.33,
2019-06-22,.,No value available
2019-06-23,.,No value available
2019-06-24,0.33,
2019-06-25,0.33,
2019-06-26,0.32,
2019-06-27,0.34,
2019-06-28,0.31,
2019-06-29,.,No value available
2019-06-30,.,No value available
2019-07-01,0.33,
2019-07-02,0.32,
2019-07-03,0.28,
2019-07-04,0.26,
2019-07-05,0.27,
2019-07-06,.,No value available
2019-07-07,.,No value available
2019-07-08,0.29,
2019-07-09,0.32,
2019-07-10,0.38,
2019-07-11,0.36,
2019-07-12,0.47,
2019-07-13,.,No value available
2019-07-14,.,No value available
2019-07-15,0.42,
2019-07-16,0.36,
2019-07-17,0.36,
2019-07-18,0.33,
2019-07-19,0.35,
2019-07-20,.,No value available
2019-07-21,.,No value available
2019-07-22,0.33,
2019-07-23,0.33,
2019-07-24,0.28,
2019-07-25,0.25,
2019-07-26,0.29,
2019-07-27,.,No value available
2019-07-28,.,No value available
2019-07-29,0.25,
2019-07-30,0.25,
2019-07-31,0.23,
2019-08-01,0.20,
2019-08-02,0.08,
2019-08-03,.,No value available
2019-08-04,.,No value available
2019-08-05,0.01,
2019-08-06,0.02,
2019-08-07,-0.08,
2019-08-08,-0.03,
2019-08-09,-0.02,
2019-08-10,.,No value available
2019-08-11,.,No value available
2019-08-12,-0.05,
2019-08-13,-0.10,
2019-08-14,-0.11,
2019-08-15,-0.18,
2019-08-16,-0.23,
2019-08-17,.,No value available
2019-08-18,.,No value available
2019-08-19,-0.10,
2019-08-20,-0.12,
2019-08-21,-0.10,
2019-08-22,-0.13,
2019-08-23,-0.07,
2019-08-24,.,No value available
2019-08-25,.,No value available
2019-08-26,-0.13,
2019-08-27,-0.14,
2019-08-28,-0.22,
2019-08-29,-0.20,
2019-08-30,-0.18,
2019-08-31,.,No value available
2019-09-01,.,No value available
2019-09-02,-0.18,
2019-09-03,-0.21,
2019-09-04,-0.14,
2019-09-05,-0.09,
2019-09-06,-0.01,
2019-09-07,.,No value available
2019-09-08,.,No value available
2019-09-09,-0.03,
2019-09-10,0.01,
2019-09-11,0.07,
2019-09-12,-0.01,
2019-09-13,0.08,
2019-09-14,.,No value available
2019-09-15,.,No value available
2019-09-16,0.08,
2019-09-17,0.08,
2019-09-18,0.06,
2019-09-19,0.06,
2019-09-20,0.01,
2019-09-21,.,No value available
2019-09-22,.,No value available
2019-09-23,-0.09,
2019-09-24,-0.08,
2019-09-25,-0.14,
2019-09-26,-0.11,
2019-09-27,-0.10,
2019-09-28,.,No value available
2019-09-29,.,No value available
2019-09-30,-0.05,
2019-10-01,0.00,
2019-10-02,-0.03,
2019-10-03,.,No value available
2019-10-04,-0.09,
2019-10-05,.,No value available
2019-10-06,.,No value available
2019-10-07,-0.09,
2019-10-08,-0.05,
2019-10-09,-0.05,
2019-10-10,-0.02,
2019-10-11,0.04,
2019-10-12,.,No value available
2019-10-13,.,No value available
2019-10-14,0.06,
2019-10-15,0.06,
2019-10-16,0.09,
2019-10-17,0.16,
2019-10-18,0.14,
2019-10-19,.,No value available
2019-10-20,.,No value available
2019-10-21,0.19,
2019-10-22,0.17,
2019-10-23,0.10,
2019-10-24,0.13,
2019-10-25,0.14,
2019-10-26,.,No value available
2019-10-27,.,No value available
2019-10-28,0.20,
2019-10-29,0.18,
2019-10-30,0.17,
2019-10-31,0.12,
2019-11-01,0.12,
2019-11-02,.,No value available
2019-11-03,.,No value available
2019-11-04,0.18,
2019-11-05,0.23,
2019-11-06,0.23,
2019-11-07,0.22,
2019-11-08,0.28,
2019-11-09,.,No value available
2019-11-10,.,No value available
2019-11-11,0.26,
2019-11-12,0.31,
2019-11-13,0.23,
2019-11-14,0.19,
2019-11-15,0.18,
2019-11-16,.,No value available
2019-11-17,.,No value available
2019-11-18,0.20,
2019-11-19,0.19,
2019-11-20,0.14,
2019-11-21,0.19,
2019-11-22,0.17,
2019-11-23,.,No value available
2019-11-24,.,No value available
2019-11-25,0.17,
2019-11-26,0.17,
2019-11-27,0.15,
2019-11-28,0.14,
2019-11-29,0.15,
2019-11-30,.,No value available
2019-12-01,.,No value available
2019-12-02,0.23,
2019-12-03,0.24,
2019-12-04,0.19,
2019-12-05,0.21,
2019-12-06,0.21,
2019-12-07,.,No value available
2019-12-08,.,No value available
2019-12-09,0.22,
2019-12-10,0.24,
2019-12-11,0.21,
2019-12-12,0.21,
2019-12-13,0.29,
2019-12-14,.,No value available
2019-12-15,.,No value available
2019-12-16,0.22,
2019-12-17,0.23,
2019-12-18,0.22,
2019-12-19,0.30,
2019-12-20,0.29,
2019-12-21,.,No value available
2019-12-22,.,No value available
2019-12-23,0.26,
2019-12-24,.,No value available
2019-12-25,.,No value available
2019-12-26,.,No value available
2019-12-27,0.28,
2019-12-28,.,No value available
2019-12-29,.,No value available
2019-12-30,0.33,
2019-12-31,.,No value available
2020-01-01,.,No value available
2020-01-02,0.37,
2020-01-03,0.24,
2020-01-04,.,No value available
2020-01-05,.,No value available
2020-01-06,0.26,
2020-01-07,0.27,
2020-01-08,0.28,
2020-01-09,0.32,
2020-01-10,0.33,
2020-01-11,.,No value available
2020-01-12,.,No value available
2020-01-13,0.36,
2020-01-14,0.36,
2020-01-15,0.33,
2020-01-16,0.31,
2020-01-17,0.31,
2020-01-18,.,No value available
2020-01-19,.,No value available
2020-01-20,0.31,
2020-01-21,0.30,
2020-01-22,0.27,
2020-01-23,0.25,
2020-01-24,0.22,
2020-01-25,.,No value available
2020-01-26,.,No value available
2020-01-27,0.19,
2020-01-28,0.11,
2020-01-29,0.16,
2020-01-30,0.13,
2020-01-31,0.10,
2020-02-01,.,No value available
2020-02-02,.,No value available
2020-02-03,0.07,
2020-02-04,0.10,
2020-02-05,0.14,
2020-02-06,0.17,
2020-02-07,0.15,
2020-02-08,.,No value available
2020-02-09,.,No value available
2020-02-10,0.14,
2020-02-11,0.15,
2020-02-12,0.15,
2020-02-13,0.11,
2020-02-14,0.13,
2020-02-15,.,No value available
2020-02-16,.,No value available
2020-02-17,0.12,
2020-02-18,0.10,
2020-02-19,0.10,
2020-02-20,0.10,
2020-02-21,0.02,
2020-02-22,.,No value available
2020-02-23,.,No value available
2020-02-24,-0.01,
2020-02-25,-0.02,
2020-02-26,-0.03,
2020-02-27,-0.02,
2020-02-28,-0.17,
2020-02-29,.,No value available
2020-03-01,.,No value available
2020-03-02,-0.20,
2020-03-03,-0.11,
2020-03-04,-0.18,
2020-03-05,-0.16,
2020-03-06,-0.28,
2020-03-07,.,No value available
2020-03-08,.,No value available
2020-03-09,-0.45,
2020-03-10,-0.35,
2020-03-11,-0.44,
2020-03-12,-0.51,
2020-03-13,-0.31,
2020-03-14,.,No value available
2020-03-15,.,No value available
2020-03-16,-0.22,
2020-03-17,-0.16,
2020-03-18,-0.01,
2020-03-19,0.10,
2020-03-20,0.04,
2020-03-21,.,No value available
2020-03-22,.,No value available
2020-03-23,-0.08,
2020-03-24,-0.03,
2020-03-25,0.06,
2020-03-26,0.15,
2020-03-27,0.05,
2020-03-28,.,No value available
2020-03-29,.,No value available
2020-03-30,-0.04,
2020-03-31,-0.01,
2020-04-01,-0.02,
2020-04-02,0.03,
2020-04-03,-0.06,
2020-04-04,.,No value available
2020-04-05,.,No value available
2020-04-06,-0.02,
2020-04-07,0.06,
2020-04-08,0.06,
2020-04-09,0.08,
2020-04-10,.,No value available
2020-04-11,.,No value available
2020-04-12,.,No value available
2020-04-13,.,No value available
2020-04-14,0.07,
2020-04-15,-0.00,
2020-04-16,-0.06,
2020-04-17,-0.07,
2020-04-18,.,No value available
2020-04-19,.,No value available
2020-04-20,-0.07,
2020-04-21,-0.05,
2020-04-22,-0.06,
2020-04-23,-0.03,
2020-04-24,-0.07,
2020-04-25,.,No value available
2020-04-26,.,No value available
2020-04-27,-0.09,
2020-04-28,-0.04,
2020-04-29,-0.09,
2020-04-30,-0.09,
2020-05-01,.,No value available
2020-05-02,.,No value available
2020-05-03,.,No value available
2020-05-04,-0.16,
2020-05-05,-0.10,
2020-05-06,-0.10,
2020-05-07,-0.03,
2020-05-08,-0.10,
2020-05-09,.,No value available
2020-05-10,.,No value available
2020-05-11,-0.04,
2020-05-12,-0.05,
2020-05-13,-0.08,
2020-05-14,-0.10,
2020-05-15,-0.11,
2020-05-16,.,No value available
2020-05-17,.,No value available
2020-05-18,-0.10,
2020-05-19,-0.03,
2020-05-20,-0.04,
2020-05-21,-0.04,
2020-05-22,-0.06,
2020-05-23,.,No value available
2020-05-24,.,No value available
2020-05-25,-0.04,
2020-05-26,0.03,
2020-05-27,-0.00,
2020-05-28,0.02,
2020-05-29,0.03,
2020-05-30,.,No value available
2020-05-31,.,No value available
2020-06-01,.,No value available
2020-06-02,0.08,
2020-06-03,0.09,
2020-06-04,0.13,
2020-06-05,0.23,
2020-06-06,.,No value available
2020-06-07,.,No value available
2020-06-08,0.26,
2020-06-09,0.17,
2020-06-10,0.18,
2020-06-11,0.10,
2020-06-12,0.06,
2020-06-13,.,No value available
2020-06-14,.,No value available
2020-06-15,0.04,
2020-06-16,0.07,
2020-06-17,0.10,
2020-06-18,0.05,
2020-06-19,0.03,
2020-06-20,.,No value available
2020-06-21,.,No value available
2020-06-22,0.02,
2020-06-23,0.04,
2020-06-24,0.07,
2020-06-25,-0.01,
2020-06-26,-0.03,
2020-06-27,.,No value available
2020-06-28,.,No value available
2020-06-29,-0.02,
2020-06-30,-0.03,
2020-07-01,0.04,
2020-07-02,0.06,
2020-07-03,0.02,
2020-07-04,.,No value available
2020-07-05,.,No value available
2020-07-06,0.04,
2020-07-07,0.03,
2020-07-08,0.00,
2020-07-09,0.00,
2020-07-10,-0.08,
2020-07-11,.,No value available
2020-07-12,.,No value available
2020-07-13,-0.02,
2020-07-14,-0.00,
2020-07-15,-0.03,
2020-07-16,-0.01,
2020-07-17,-0.01,
2020-07-18,.,No value available
2020-07-19,.,No value available
2020-07-20,0.01,
2020-07-21,-0.02,
2020-07-22,-0.04,
2020-07-23,-0.06,
2020-07-24,-0.05,
2020-07-25,.,No value available
2020-07-26,.,No value available
2020-07-27,-0.05,
2020-07-28,-0.09,
2020-07-29,-0.09,
2020-07-30,-0.12,
2020-07-31,-0.13,
2020-08-01,.,No value available
2020-08-02,.,No value available
2020-08-03,-0.10,
2020-08-04,-0.12,
2020-08-05,-0.13,
2020-08-06,-0.10,
2020-08-07,-0.12,
2020-08-08,.,No value available
2020-08-09,.,No value available
2020-08-10,-0.10,
2020-08-11,-0.08,
2020-08-12,-0.01,
2020-08-13,-0.02,
2020-08-14,0.02,
2020-08-15,.,No value available
2020-08-16,.,No value available
2020-08-17,0.02,
2020-08-18,-0.02,
2020-08-19,-0.04,
2020-08-20,-0.05,
2020-08-21,-0.08,
2020-08-22,.,No value available
2020-08-23,.,No value available
2020-08-24,-0.05,
2020-08-25,0.01,
2020-08-26,0.04,
2020-08-27,-0.01,
2020-08-28,0.10,
2020-08-29,.,No value available
2020-08-30,.,No value available
2020-08-31,0.10,
2020-09-01,0.10,
2020-09-02,0.01,
2020-09-03,0.00,
2020-09-04,-0.03,
2020-09-05,.,No value available
2020-09-06,.,No value available
2020-09-07,-0.01,
2020-09-08,-0.01,
2020-09-09,-0.04,
2020-09-10,-0.01,
2020-09-11,-0.02,
2020-09-12,.,No value available
2020-09-13,.,No value available
2020-09-14,-0.04,
2020-09-15,-0.02,
2020-09-16,-0.03,
2020-09-17,-0.02,
2020-09-18,-0.04,
2020-09-19,.,No value available
2020-09-20,.,No value available
2020-09-21,-0.06,
2020-09-22,-0.08,
2020-09-23,-0.05,
2020-09-24,-0.07,
2020-09-25,-0.07,
2020-09-26,.,No value available
2020-09-27,.,No value available
2020-09-28,-0.07,
2020-09-29,-0.11,
2020-09-30,-0.12,
2020-10-01,-0.09,
2020-10-02,-0.11,
2020-10-03,.,No value available
2020-10-04,.,No value available
2020-10-05,-0.11,
2020-10-06,-0.09,
2020-10-07,-0.09,
2020-10-08,-0.08,
2020-10-09,-0.12,
2020-10-10,.,No value available
2020-10-11,.,No value available
2020-10-12,-0.12,
2020-10-13,-0.12,
2020-10-14,-0.16,
2020-10-15,-0.20,
2020-10-16,-0.22,
2020-10-17,.,No value available
2020-10-18,.,No value available
2020-10-19,-0.22,
2020-10-20,-0.21,
2020-10-21,-0.16,
2020-10-22,-0.16,
2020-10-23,-0.16,
2020-10-24,.,No value available
2020-10-25,.,No value available
2020-10-26,-0.16,
2020-10-27,-0.17,
2020-10-28,-0.24,
2020-10-29,-0.23,
2020-10-30,-0.23,
2020-10-31,.,No value available
2020-11-01,.,No value available
2020-11-02,-0.22,
2020-11-03,-0.24,
2020-11-04,-0.27,
2020-11-05,-0.24,
2020-11-06,-0.25,
2020-11-07,.,No value available
2020-11-08,.,No value available
2020-11-09,-0.25,
2020-11-10,-0.06,
2020-11-11,-0.05,
2020-11-12,-0.08,
2020-11-13,-0.12,
2020-11-14,.,No value available
2020-11-15,.,No value available
2020-11-16,-0.15,
2020-11-17,-0.15,
2020-11-18,-0.15,
2020-11-19,-0.18,
2020-11-20,-0.18,
2020-11-21,.,No value available
2020-11-22,.,No value available
2020-11-23,-0.18,
2020-11-24,-0.18,
2020-11-25,-0.18,
2020-11-26,-0.18,
2020-11-27,-0.18,
2020-11-28,.,No value available
2020-11-29,.,No value available
2020-11-30,-0.18,
2020-12-01,-0.16,
2020-12-02,-0.11,
2020-12-03,-0.12,
2020-12-04,-0.13,
2020-12-05,.,No value available
2020-12-06,.,No value available
2020-12-07,-0.16,
2020-12-08,-0.17,
2020-12-09,-0.17,
2020-12-10,-0.20,
2020-12-11,-0.23,
2020-12-12,.,No value available
2020-12-13,.,No value available
2020-12-14,-0.24,
2020-12-15,-0.24,
2020-12-16,-0.21,
2020-12-17,-0.18,
2020-12-18,-0.15,
2020-12-19,.,No value available
2020-12-20,.,No value available
2020-12-21,-0.23,
2020-12-22,-0.20,
2020-12-23,-0.21,
2020-12-24,.,No value available
2020-12-25,.,No value available
2020-12-26,.,No value available
2020-12-27,.,No value available
2020-12-28,-0.14,
2020-12-29,-0.18,
2020-12-30,-0.15,
2020-12-31,.,No value available
2021-01-01,.,No value available
2021-01-02,.,No value available
2021-01-03,.,No value available
2021-01-04,-0.20,
2021-01-05,-0.19,
2021-01-06,-0.13,
2021-01-07,-0.14,
2021-01-08,-0.14,
2021-01-09,.,No value available
2021-01-10,.,No value available
2021-01-11,-0.15,
2021-01-12,-0.08,
2021-01-13,-0.11,
2021-01-14,-0.14,
2021-01-15,-0.13,
2021-01-16,.,No value available
2021-01-17,.,No value available
2021-01-18,-0.12,
2021-01-19,-0.11,
2021-01-20,-0.14,
2021-01-21,-0.14,
2021-01-22,-0.09,
2021-01-23,.,No value available
2021-01-24,.,No value available
2021-01-25,-0.12,
2021-01-26,-0.13,
2021-01-27,-0.11,
2021-01-28,-0.13,
2021-01-29,-0.06,
2021-01-30,.,No value available
2021-01-31,.,No value available
2021-02-01,-0.09,
2021-02-02,-0.07,
2021-02-03,-0.02,
2021-02-04,-0.02,
2021-02-05,-0.01,
2021-02-06,.,No value available
2021-02-07,.,No value available
2021-02-08,0.03,
2021-02-09,-0.01,
2021-02-10,-0.01,
2021-02-11,0.02,
2021-02-12,0.02,
2021-02-13,.,No value available
2021-02-14,.,No value available
2021-02-15,0.13,
2021-02-16,0.13,
2021-02-17,0.15,
2021-02-18,0.15,
2021-02-19,0.18,
2021-02-20,.,No value available
2021-02-21,.,No value available
2021-02-22,0.21,
2021-02-23,0.22,
2021-02-24,0.22,
2021-02-25,0.25,
2021-02-26,0.20,
2021-02-27,.,No value available
2021-02-28,.,No value available
2021-03-01,0.16,
2021-03-02,0.16,
2021-03-03,0.19,
2021-03-04,0.21,
2021-03-05,0.21,
2021-03-06,.,No value available
2021-03-07,.,No value available
2021-03-08,0.21,
2021-03-09,0.18,
2021-03-10,0.19,
2021-03-11,0.19,
2021-03-12,0.21,
2021-03-13,.,No value available
2021-03-14,.,No value available
2021-03-15,0.21,
2021-03-16,0.19,
2021-03-17,0.22,
2021-03-18,0.28,
2021-03-19,0.26,
2021-03-20,.,No value available
2021-03-21,.,No value available
2021-03-22,0.26,
2021-03-23,0.24,
2021-03-24,0.21,
2021-03-25,0.21,
2021-03-26,0.21,
2021-03-27,.,No value available
2021-03-28,.,No value available
2021-03-29,0.24,
2021-03-30,0.31,
2021-03-31,0.31,
2021-04-01,0.26,
2021-04-02,.,No value available
2021-04-03,.,No value available
2021-04-04,.,No value available
2021-04-05,.,No value available
2021-04-06,0.26,
2021-04-07,0.23,
2021-04-08,0.23,
2021-04-09,0.26,
2021-04-10,.,No value available
2021-04-11,.,No value available
2021-04-12,0.24,
2021-04-13,0.28,
2021-04-14,0.28,
2021-04-15,0.29,
2021-04-16,0.29,
2021-04-17,.,No value available
2021-04-18,.,No value available
2021-04-19,0.29,
2021-04-20,0.32,
2021-04-21,0.30,
2021-04-22,0.27,
2021-04-23,0.27,
2021-04-24,.,No value available
2021-04-25,.,No value available
2021-04-26,0.29,
2021-04-27,0.29,
2021-04-28,0.33,
2021-04-29,0.33,
2021-04-30,0.36,
2021-05-01,.,No value available
2021-05-02,.,No value available
2021-05-03,0.40,
2021-05-04,0.36,
2021-05-05,0.34,
2021-05-06,0.34,
2021-05-07,0.34,
2021-05-08,.,No value available
2021-05-09,.,No value available
2021-05-10,0.37,
2021-05-11,0.41,
2021-05-12,0.41,
2021-05-13,0.46,
2021-05-14,0.43,
2021-05-15,.,No value available
2021-05-16,.,No value available
2021-05-17,0.43,
2021-05-18,0.45,
2021-05-19,0.48,
2021-05-20,0.46,
2021-05-21,0.42,
2021-05-22,.,No value available
2021-05-23,.,No value available
2021-05-24,.,No value available
2021-05-25,0.41,
2021-05-26,0.38,
2021-05-27,0.36,
2021-05-28,0.40,
2021-05-29,.,No value available
2021-05-30,.,No value available
2021-05-31,0.40,
2021-06-01,0.37,
2021-06-02,0.37,
2021-06-03,0.37,
2021-06-04,0.38,
2021-06-05,.,No value available
2021-06-06,.,No value available
2021-06-07,0.36,
2021-06-08,0.34,
2021-06-09,0.31,
2021-06-10,0.31,
2021-06-11,0.28,
2021-06-12,.,No value available
2021-06-13,.,No value available
2021-06-14,0.29,
2021-06-15,0.30,
2021-06-16,0.32,
2021-06-17,0.32,
2021-06-18,0.27,
2021-06-19,.,No value available
2021-06-20,.,No value available
2021-06-21,0.25,
2021-06-22,0.32,
2021-06-23,0.32,
2021-06-24,0.31,
2021-06-25,0.31,
2021-06-26,.,No value available
2021-06-27,.,No value available
2021-06-28,0.34,
2021-06-29,0.31,
2021-06-30,0.30,
2021-07-01,0.31,
2021-07-02,0.28,
2021-07-03,.,No value available
2021-07-04,.,No value available
2021-07-05,0.29,
2021-07-06,0.28,
2021-07-07,0.20,
2021-07-08,0.14,
2021-07-09,0.17,
2021-07-10,.,No value available
2021-07-11,.,No value available
2021-07-12,0.18,
2021-07-13,0.20,
2021-07-14,0.20,
2021-07-15,0.14,
2021-07-16,0.14,
2021-07-17,.,No value available
2021-07-18,.,No value available
2021-07-19,0.10,
2021-07-20,0.04,
2021-07-21,0.06,
2021-07-22,0.07,
2021-07-23,0.06,
2021-07-24,.,No value available
2021-07-25,.,No value available
2021-07-26,0.04,
2021-07-27,0.03,
2021-07-28,0.03,
2021-07-29,0.04,
2021-07-30,0.04,
2021-07-31,.,No value available
2021-08-01,.,No value available
2021-08-02,0.03,
2021-08-03,0.00,
2021-08-04,-0.02,
2021-08-05,-0.06,
2021-08-06,-0.06,
2021-08-07,.,No value available
2021-08-08,.,No value available
2021-08-09,-0.04,
2021-08-10,-0.03,
2021-08-11,-0.01,
2021-08-12,-0.03,
2021-08-13,-0.04,
2021-08-14,.,No value available
2021-08-15,.,No value available
2021-08-16,-0.04,
2021-08-17,-0.07,
2021-08-18,-0.05,
2021-08-19,-0.08,
2021-08-20,-0.06,
2021-08-21,.,No value available
2021-08-22,.,No value available
2021-08-23,-0.03,
2021-08-24,-0.05,
2021-08-25,-0.02,
2021-08-26,0.05,
2021-08-27,0.05,
2021-08-28,.,No value available
2021-08-29,.,No value available
2021-08-30,0.04,
2021-08-31,0.04,
2021-09-01,0.10,
2021-09-02,0.09,
2021-09-03,0.09,
2021-09-04,.,No value available
2021-09-05,.,No value available
2021-09-06,0.13,
2021-09-07,0.17,
2021-09-08,0.14,
2021-09-09,0.15,
2021-09-10,0.13,
2021-09-11,.,No value available
2021-09-12,.,No value available
2021-09-13,0.15,
2021-09-14,0.17,
2021-09-15,0.15,
2021-09-16,0.19,
2021-09-17,0.19,
2021-09-18,.,No value available
2021-09-19,.,No value available
2021-09-20,0.17,
2021-09-21,0.18,
2021-09-22,0.17,
2021-09-23,0.17,
2021-09-24,0.23,
2021-09-25,.,No value available
2021-09-26,.,No value available
2021-09-27,0.26,
2021-09-28,0.26,
2021-09-29,0.24,
2021-09-30,0.24,
2021-10-01,0.24,
2021-10-02,.,No value available
2021-10-03,.,No value available
2021-10-04,0.26,
2021-10-05,0.25,
2021-10-06,0.30,
2021-10-07,0.30,
2021-10-08,0.32,
2021-10-09,.,No value available
2021-10-10,.,No value available
2021-10-11,0.33,
2021-10-12,0.35,
2021-10-13,0.32,
2021-10-14,0.27,
2021-10-15,0.24,
2021-10-16,.,No value available
2021-10-17,.,No value available
2021-10-18,0.22,
2021-10-19,0.21,
2021-10-20,0.25,
2021-10-21,0.24,
2021-10-22,0.23,
2021-10-23,.,No value available
2021-10-24,.,No value available
2021-10-25,0.23,
2021-10-26,0.19,
2021-10-27,0.15,
2021-10-28,0.08,
2021-10-29,0.13,
2021-10-30,.,No value available
2021-10-31,.,No value available
2021-11-01,0.12,
2021-11-02,0.11,
2021-11-03,0.08,
2021-11-04,0.12,
2021-11-05,0.08,
2021-11-06,.,No value available
2021-11-07,.,No value available
2021-11-08,0.05,
2021-11-09,0.05,
2021-11-10,-0.01,
2021-11-11,0.03,
2021-11-12,0.02,
2021-11-13,.,No value available
2021-11-14,.,No value available
2021-11-15,0.00,
2021-11-16,0.05,
2021-11-17,0.05,
2021-11-18,0.03,
2021-11-19,-0.05,
2021-11-20,.,No value available
2021-11-21,.,No value available
2021-11-22,-0.05,
2021-11-23,0.01,
2021-11-24,0.05,
2021-11-25,0.05,
2021-11-26,-0.02,
2021-11-27,.,No value available
2021-11-28,.,No value available
2021-11-29,-0.01,
2021-11-30,-0.08,
2021-12-01,-0.09,
2021-12-02,-0.10,
2021-12-03,-0.12,
2021-12-04,.,No value available
2021-12-05,.,No value available
2021-12-06,-0.13,
2021-12-07,-0.13,
2021-12-08,-0.15,
2021-12-09,-0.08,
2021-12-10,-0.07,
2021-12-11,.,No value available
2021-12-12,.,No value available
2021-12-13,-0.09,
2021-12-14,-0.11,
2021-12-15,-0.10,
2021-12-16,-0.06,
2021-12-17,-0.06,
2021-12-18,.,No value available
2021-12-19,.,No value available
2021-12-20,-0.09,
2021-12-21,-0.03,
2021-12-22,0.04,
2021-12-23,0.05,
2021-12-24,.,No value available
2021-12-25,.,No value available
2021-12-26,.,No value available
2021-12-27,0.08,
2021-12-28,0.08,
2021-12-29,0.10,
2021-12-30,0.12,
2021-12-31,.,No value available
2022-01-01,.,No value available
2022-01-02,.,No value available
2022-01-03,0.13,
2022-01-04,0.20,
2022-01-05,0.19,
2022-01-06,0.25,
2022-01-07,0.23,
2022-01-08,.,No value available
2022-01-09,.,No value available
2022-01-10,0.25,
2022-01-11,0.22,
2022-01-12,0.24,
2022-01-13,0.22,
2022-01-14,0.18,
2022-01-15,.,No value available
2022-01-16,.,No value available
2022-01-17,0.23,
2022-01-18,0.24,
2022-01-19,0.27,
2022-01-20,0.24,
2022-01-21,0.20,
2022-01-22,.,No value available
2022-01-23,.,No value available
2022-01-24,0.16,
2022-01-25,0.20,
2022-01-26,0.20,
2022-01-27,0.23,
2022-01-28,0.20,
2022-01-29,.,No value available
2022-01-30,.,No value available
2022-01-31,0.21,
2022-02-01,0.22,
2022-02-02,0.25,
2022-02-03,0.24,
2022-02-04,0.27,
2022-02-05,.,No value available
2022-02-06,.,No value available
2022-02-07,0.35,
2022-02-08,0.35,
2022-02-09,0.38,
2022-02-10,0.40,
2022-02-11,0.40,
2022-02-12,.,No value available
2022-02-13,.,No value available
2022-02-14,0.36,
2022-02-15,0.45,
2022-02-16,0.52,
2022-02-17,0.49,
2022-02-18,0.45,
2022-02-19,.,No value available
2022-02-20,.,No value available
2022-02-21,0.44,
2022-02-22,0.42,
2022-02-23,0.44,
2022-02-24,0.36,
2022-02-25,0.40,
2022-02-26,.,No value available
2022-02-27,.,No value available
2022-02-28,0.41,
2022-03-01,0.29,
2022-03-02,0.24,
2022-03-03,0.28,
2022-03-04,0.22,
2022-03-05,.,No value available
2022-03-06,.,No value available
2022-03-07,0.10,
2022-03-08,0.20,
2022-03-09,0.35,
2022-03-10,0.35,
2022-03-11,0.41,
2022-03-12,.,No value available
2022-03-13,.,No value available
2022-03-14,0.48,
2022-03-15,0.51,
2022-03-16,0.55,
2022-03-17,0.50,
2022-03-18,0.54,
2022-03-19,.,No value available
2022-03-20,.,No value available
2022-03-21,0.58,
2022-03-22,0.65,
2022-03-23,0.63,
2022-03-24,0.65,
2022-03-25,0.63,
2022-03-26,.,No value available
2022-03-27,.,No value available
2022-03-28,0.66,
2022-03-29,0.72,
2022-03-30,0.71,
2022-03-31,0.69,
2022-04-01,0.69,
2022-04-02,.,No value available
2022-04-03,.,No value available
2022-04-04,0.60,
2022-04-05,0.63,
2022-04-06,0.74,
2022-04-07,0.77,
2022-04-08,0.79,
2022-04-09,.,No value available
2022-04-10,.,No value available
2022-04-11,0.85,
2022-04-12,0.95,
2022-04-13,0.93,
2022-04-14,0.91,
2022-04-15,.,No value available
2022-04-16,.,No value available
2022-04-17,.,No value available
2022-04-18,.,No value available
2022-04-19,1.08,
2022-04-20,1.04,
2022-04-21,1.04,
2022-04-22,1.04,
2022-04-23,.,No value available
2022-04-24,.,No value available
2022-04-25,1.02,
2022-04-26,0.96,
2022-04-27,0.93,
2022-04-28,0.96,
2022-04-29,1.01,
2022-04-30,.,No value available
2022-05-01,.,No value available
2022-05-02,1.04,
2022-05-03,1.15,
2022-05-04,1.12,
2022-05-05,1.14,
2022-05-06,1.20,
2022-05-07,.,No value available
2022-05-08,.,No value available
2022-05-09,1.28,
2022-05-10,1.17,
2022-05-11,1.08,
2022-05-12,1.01,
2022-05-13,1.03,
2022-05-14,.,No value available
2022-05-15,.,No value available
2022-05-16,1.12,
2022-05-17,1.11,
2022-05-18,1.11,
2022-05-19,1.01,
2022-05-20,1.11,
2022-05-21,.,No value available
2022-05-22,.,No value available
2022-05-23,1.09,
2022-05-24,1.15,
2022-05-25,1.12,
2022-05-26,1.16,
2022-05-27,1.24,
2022-05-28,.,No value available
2022-05-29,.,No value available
2022-05-30,1.29,
2022-05-31,1.31,
2022-06-01,1.35,
2022-06-02,1.44,
2022-06-03,1.46,
2022-06-04,.,No value available
2022-06-05,.,No value available
2022-06-06,1.51,
2022-06-07,1.51,
2022-06-08,1.52,
2022-06-09,1.55,
2022-06-10,1.55,
2022-06-11,.,No value available
2022-06-12,.,No value available
2022-06-13,1.60,
2022-06-14,1.68,
2022-06-15,1.82,
2022-06-16,1.84,
2022-06-17,1.77,
2022-06-18,.,No value available
2022-06-19,.,No value available
2022-06-20,1.79,
2022-06-21,1.90,
2022-06-22,1.87,
2022-06-23,1.66,
2022-06-24,1.69,
2022-06-25,.,No value available
2022-06-26,.,No value available
2022-06-27,1.70,
2022-06-28,1.77,
2022-06-29,1.76,
2022-06-30,1.66,
2022-07-01,1.69,
2022-07-02,.,No value available
2022-07-03,.,No value available
2022-07-04,1.62,
2022-07-05,1.56,
2022-07-06,1.51,
2022-07-07,1.59,
2022-07-08,1.53,
2022-07-09,.,No value available
2022-07-10,.,No value available
2022-07-11,1.58,
2022-07-12,1.40,
2022-07-13,1.42,
2022-07-14,1.41,
2022-07-15,1.35,
2022-07-16,.,No value available
2022-07-17,.,No value available
2022-07-18,1.41,
2022-07-19,1.42,
2022-07-20,1.42,
2022-07-21,1.45,
2022-07-22,1.28,
2022-07-23,.,No value available
2022-07-24,.,No value available
2022-07-25,1.31,
2022-07-26,1.24,
2022-07-27,1.21,
2022-07-28,1.24,
2022-07-29,1.16,
2022-07-30,.,No value available
2022-07-31,.,No value available
2022-08-01,1.09,
2022-08-02,1.00,
2022-08-03,1.05,
2022-08-04,1.06,
2022-08-05,1.02,
2022-08-06,.,No value available
2022-08-07,.,No value available
2022-08-08,1.12,
2022-08-09,1.14,
2022-08-10,1.13,
2022-08-11,1.16,
2022-08-12,1.26,
2022-08-13,.,No value available
2022-08-14,.,No value available
2022-08-15,1.19,
2022-08-16,1.18,
2022-08-17,1.30,
2022-08-18,1.30,
2022-08-19,1.35,
2022-08-20,.,No value available
2022-08-21,.,No value available
2022-08-22,1.39,
2022-08-23,1.43,
2022-08-24,1.46,
2022-08-25,1.46,
2022-08-26,1.50,
2022-08-27,.,No value available
2022-08-28,.,No value available
2022-08-29,1.58,
2022-08-30,1.55,
2022-08-31,1.60,
2022-09-01,1.67,
2022-09-02,1.69,
2022-09-03,.,No value available
2022-09-04,.,No value available
2022-09-05,1.69,
2022-09-06,1.64,
2022-09-07,1.68,
2022-09-08,1.65,
2022-09-09,1.75,
2022-09-10,.,No value available
2022-09-11,.,No value available
2022-09-12,1.76,
2022-09-13,1.72,
2022-09-14,1.73,
2022-09-15,1.72,
2022-09-16,1.69,
2022-09-17,.,No value available
2022-09-18,.,No value available
2022-09-19,1.74,
2022-09-20,1.80,
2022-09-21,1.91,
2022-09-22,1.84,
2022-09-23,1.88,
2022-09-24,.,No value available
2022-09-25,.,No value available
2022-09-26,1.88,
2022-09-27,1.94,
2022-09-28,2.18,
2022-09-29,2.11,
2022-09-30,2.08,
2022-10-01,.,No value available
2022-10-02,.,No value available
2022-10-03,2.09,
2022-10-04,1.85,
2022-10-05,1.98,
2022-10-06,1.99,
2022-10-07,2.05,
2022-10-08,.,No value available
2022-10-09,.,No value available
2022-10-10,2.13,
2022-10-11,2.31,
2022-10-12,2.39,
2022-10-13,2.34,
2022-10-14,2.27,
2022-10-15,.,No value available
2022-10-16,.,No value available
2022-10-17,2.35,
2022-10-18,2.41,
2022-10-19,2.36,
2022-10-20,2.42,
2022-10-21,2.53,
2022-10-22,.,No value available
2022-10-23,.,No value available
2022-10-24,2.47,
2022-10-25,2.29,
2022-10-26,2.17,
2022-10-27,2.22,
2022-10-28,2.18,
2022-10-29,.,No value available
2022-10-30,.,No value available
2022-10-31,2.17,
2022-11-01,2.11,
2022-11-02,2.19,
2022-11-03,2.20,
2022-11-04,2.19,
2022-11-05,.,No value available
2022-11-06,.,No value available
2022-11-07,2.23,
2022-11-08,2.25,
2022-11-09,2.17,
2022-11-10,2.11,
2022-11-11,2.05,
2022-11-12,.,No value available
2022-11-13,.,No value available
2022-11-14,2.13,
2022-11-15,2.09,
2022-11-16,2.08,
2022-11-17,1.95,
2022-11-18,2.00,
2022-11-19,.,No value available
2022-11-20,.,No value available
2022-11-21,1.97,
2022-11-22,1.93,
2022-11-23,1.90,
2022-11-24,1.74,
2022-11-25,1.78,
2022-11-26,.,No value available
2022-11-27,.,No value available
2022-11-28,1.80,
2022-11-29,1.78,
2022-11-30,1.77,
2022-12-01,1.69,
2022-12-02,1.62,
2022-12-03,.,No value available
2022-12-04,.,No value available
2022-12-05,1.57,
2022-12-06,1.59,
2022-12-07,1.56,
2022-12-08,1.54,
2022-12-09,1.58,
2022-12-10,.,No value available
2022-12-11,.,No value available
2022-12-12,1.62,
2022-12-13,1.63,
2022-12-14,1.74,
2022-12-15,1.75,
2022-12-16,1.89,
2022-12-17,.,No value available
2022-12-18,.,No value available
2022-12-19,1.95,
2022-12-20,2.08,
2022-12-21,2.10,
2022-12-22,2.12,
2022-12-23,2.18,
2022-12-24,.,No value available
2022-12-25,.,No value available
2022-12-26,.,No value available
2022-12-27,2.29,
2022-12-28,2.30,
2022-12-29,2.32,
2022-12-30,2.39,
2022-12-31,.,No value available
2023-01-01,.,No value available
2023-01-02,2.37,
2023-01-03,2.18,
2023-01-04,2.16,
2023-01-05,2.16,
2023-01-06,2.16,
2023-01-07,.,No value available
2023-01-08,.,No value available
2023-01-09,2.13,
2023-01-10,2.14,
2023-01-11,2.10,
2023-01-12,2.05,
2023-01-13,1.99,
2023-01-14,.,No value available
2023-01-15,.,No value available
2023-01-16,2.09,
2023-01-17,2.08,
2023-01-18,2.00,
2023-01-19,1.89,
2023-01-20,1.99,
2023-01-21,.,No value available
2023-01-22,.,No value available
2023-01-23,2.08,
2023-01-24,2.07,
2023-01-25,1.99,
2023-01-26,2.08,
2023-01-27,2.13,
2023-01-28,.,No value available
2023-01-29,.,No value available
2023-01-30,2.17,
2023-01-31,2.16,
2023-02-01,2.12,
2023-02-02,2.13,
2023-02-03,2.11,
2023-02-04,.,No value available
2023-02-05,.,No value available
2023-02-06,2.22,
2023-02-07,2.22,
2023-02-08,2.26,
2023-02-09,2.20,
2023-02-10,2.25,
2023-02-11,.,No value available
2023-02-12,.,No value available
2023-02-13,2.24,
2023-02-14,2.23,
2023-02-15,2.26,
2023-02-16,2.34,
2023-02-17,2.39,
2023-02-18,.,No value available
2023-02-19,.,No value available
2023-02-20,2.32,
2023-02-21,2.35,
2023-02-22,2.40,
2023-02-23,2.43,
2023-02-24,2.33,
2023-02-25,.,No value available
2023-02-26,.,No value available
2023-02-27,2.42,
2023-02-28,2.51,
2023-03-01,2.57,
2023-03-02,2.60,
2023-03-03,2.57,
2023-03-04,.,No value available
2023-03-05,.,No value available
2023-03-06,2.49,
2023-03-07,2.49,
2023-03-08,2.52,
2023-03-09,2.52,
2023-03-10,2.40,
2023-03-11,.,No value available
2023-03-12,.,No value available
2023-03-13,2.21,
2023-03-14,2.31,
2023-03-15,2.24,
2023-03-16,2.19,
2023-03-17,2.17,
2023-03-18,.,No value available
2023-03-19,.,No value available
2023-03-20,2.01,
2023-03-21,2.19,
2023-03-22,2.23,
2023-03-23,2.21,
2023-03-24,2.02,
2023-03-25,.,No value available
2023-03-26,.,No value available
2023-03-27,2.16,
2023-03-28,2.30,
2023-03-29,2.29,
2023-03-30,2.33,
2023-03-31,2.32,
2023-04-01,.,No value available
2023-04-02,.,No value available
2023-04-03,2.35,
2023-04-04,2.27,
2023-04-05,2.29,
2023-04-06,2.14,
2023-04-07,.,No value available
2023-04-08,.,No value available
2023-04-09,.,No value available
2023-04-10,.,No value available
2023-04-11,2.25,
2023-04-12,2.31,
2023-04-13,2.39,
2023-04-14,2.40,
2023-04-15,.,No value available
2023-04-16,.,No value available
2023-04-17,2.51,
2023-04-18,2.56,
2023-04-19,2.57,
2023-04-20,2.54,
2023-04-21,2.51,
2023-04-22,.,No value available
2023-04-23,.,No value available
2023-04-24,2.53,
2023-04-25,2.52,
2023-04-26,2.45,
2023-04-27,2.54,
2023-04-28,2.46,
2023-04-29,.,No value available
2023-04-30,.,No value available
2023-05-01,.,No value available
2023-05-02,2.49,
2023-05-03,2.37,
2023-05-04,2.41,
2023-05-05,2.33,
2023-05-06,.,No value available
2023-05-07,.,No value available
2023-05-08,2.39,
2023-05-09,2.41,
2023-05-10,2.44,
2023-05-11,2.49,
2023-05-12,2.43,
2023-05-13,.,No value available
2023-05-14,.,No value available
2023-05-15,2.38,
2023-05-16,2.39,
2023-05-17,2.42,
2023-05-18,2.49,
2023-05-19,2.55,
2023-05-20,.,No value available
2023-05-21,.,No value available
2023-05-22,2.50,
2023-05-23,2.57,
2023-05-24,2.54,
2023-05-25,2.56,
2023-05-26,2.60,
2023-05-27,.,No value available
2023-05-28,.,No value available
2023-05-29,2.55,
2023-05-30,2.57,
2023-05-31,2.38,
2023-06-01,2.40,
2023-06-02,2.40,
2023-06-03,.,No value available
2023-06-04,.,No value available
2023-06-05,2.55,
2023-06-06,2.52,
2023-06-07,2.54,
2023-06-08,2.63,
2023-06-09,2.58,
2023-06-10,.,No value available
2023-06-11,.,No value available
2023-06-12,2.54,
2023-06-13,2.54,
2023-06-14,2.50,
2023-06-15,2.52,
2023-06-16,2.51,
2023-06-17,.,No value available
2023-06-18,.,No value available
2023-06-19,2.58,
2023-06-20,2.58,
2023-06-21,2.48,
2023-06-22,2.48,
2023-06-23,2.41,
2023-06-24,.,No value available
2023-06-25,.,No value available
2023-06-26,2.38,
2023-06-27,2.38,
2023-06-28,2.39,
2023-06-29,2.38,
2023-06-30,2.45,
2023-07-01,.,No value available
2023-07-02,.,No value available
2023-07-03,2.36,
2023-07-04,2.45,
2023-07-05,2.42,
2023-07-06,2.53,
2023-07-07,2.63,
2023-07-08,.,No value available
2023-07-09,.,No value available
2023-07-10,2.68,
2023-07-11,2.61,
2023-07-12,2.65,
2023-07-13,2.54,
2023-07-14,2.52,
2023-07-15,.,No value available
2023-07-16,.,No value available
2023-07-17,2.44,
2023-07-18,2.39,
2023-07-19,2.33,
2023-07-20,2.40,
2023-07-21,2.44,
2023-07-22,.,No value available
2023-07-23,.,No value available
2023-07-24,2.40,
2023-07-25,2.43,
2023-07-26,2.42,
2023-07-27,2.49,
2023-07-28,2.53,
2023-07-29,.,No value available
2023-07-30,.,No value available
2023-07-31,2.54,
2023-08-01,2.52,
2023-08-02,2.57,
2023-08-03,2.62,
2023-08-04,2.62,
2023-08-05,.,No value available
2023-08-06,.,No value available
2023-08-07,2.62,
2023-08-08,2.52,
2023-08-09,2.50,
2023-08-10,2.56,
2023-08-11,2.60,
2023-08-12,.,No value available
2023-08-13,.,No value available
2023-08-14,2.64,
2023-08-15,2.70,
2023-08-16,2.69,
2023-08-17,2.72,
2023-08-18,2.65,
2023-08-19,.,No value available
2023-08-20,.,No value available
2023-08-21,2.71,
2023-08-22,2.69,
2023-08-23,2.60,
2023-08-24,2.53,
2023-08-25,2.60,
2023-08-26,.,No value available
2023-08-27,.,No value available
2023-08-28,2.61,
2023-08-29,2.59,
2023-08-30,2.61,
2023-08-31,2.57,
2023-09-01,2.55,
2023-09-02,.,No value available
2023-09-03,.,No value available
2023-09-04,2.64,
2023-09-05,2.68,
2023-09-06,2.70,
2023-09-07,2.70,
2023-09-08,2.68,
2023-09-09,.,No value available
2023-09-10,.,No value available
2023-09-11,2.71,
2023-09-12,2.70,
2023-09-13,2.74,
2023-09-14,2.69,
2023-09-15,2.73,
2023-09-16,.,No value available
2023-09-17,.,No value available
2023-09-18,2.77,
2023-09-19,2.79,
2023-09-20,2.83,
2023-09-21,2.84,
2023-09-22,2.83,
2023-09-23,.,No value available
2023-09-24,.,No value available
2023-09-25,2.90,
2023-09-26,2.95,
2023-09-27,2.93,
2023-09-28,3.05,
2023-09-29,2.98,
2023-09-30,.,No value available
2023-10-01,.,No value available
2023-10-02,3.03,
2023-10-03,3.11,
2023-10-04,3.14,
2023-10-05,3.13,
2023-10-06,3.09,
2023-10-07,.,No value available
2023-10-08,.,No value available
2023-10-09,3.05,
2023-10-10,2.99,
2023-10-11,2.88,
2023-10-12,2.88,
2023-10-13,2.90,
2023-10-14,.,No value available
2023-10-15,.,No value available
2023-10-16,2.96,
2023-10-17,2.97,
2023-10-18,3.05,
2023-10-19,3.07,
2023-10-20,3.08,
2023-10-21,.,No value available
2023-10-22,.,No value available
2023-10-23,3.13,
2023-10-24,2.96,
2023-10-25,3.03,
2023-10-26,3.09,
2023-10-27,3.08,
2023-10-28,.,No value available
2023-10-29,.,No value available
2023-10-30,3.09,
2023-10-31,3.03,
2023-11-01,3.11,
2023-11-02,3.00,
2023-11-03,2.98,
2023-11-04,.,No value available
2023-11-05,.,No value available
2023-11-06,2.95,
2023-11-07,2.92,
2023-11-08,2.80,
2023-11-09,2.85,
2023-11-10,2.93,
2023-11-11,.,No value available
2023-11-12,.,No value available
2023-11-13,2.88,
2023-11-14,2.86,
2023-11-15,2.79,
2023-11-16,2.78,
2023-11-17,2.70,
2023-11-18,.,No value available
2023-11-19,.,No value available
2023-11-20,2.74,
2023-11-21,2.71,
2023-11-22,2.70,
2023-11-23,2.70,
2023-11-24,2.75,
2023-11-25,.,No value available
2023-11-26,.,No value available
2023-11-27,2.75,
2023-11-28,2.70,
2023-11-29,2.65,
2023-11-30,2.63,
2023-12-01,2.62,
2023-12-02,.,No value available
2023-12-03,.,No value available
2023-12-04,2.58,
2023-12-05,2.51,
2023-12-06,2.42,
2023-12-07,2.32,
2023-12-08,2.40,
2023-12-09,.,No value available
2023-12-10,.,No value available
2023-12-11,2.40,
2023-12-12,2.36,
2023-12-13,2.32,
2023-12-14,2.25,
2023-12-15,2.20,
2023-12-16,.,No value available
2023-12-17,.,No value available
2023-12-18,2.18,
2023-12-19,2.19,
2023-12-20,2.15,
2023-12-21,2.12,
2023-12-22,2.13,
2023-12-23,.,No value available
2023-12-24,.,No value available
2023-12-25,.,No value available
2023-12-26,.,No value available
2023-12-27,2.12,
2023-12-28,2.13,
2023-12-29,2.24,
2023-12-30,.,No value available
2023-12-31,.,No value available
2024-01-01,.,No value available
2024-01-02,2.31,
2024-01-03,2.28,
2024-01-04,2.29,
2024-01-05,2.34,
2024-01-06,.,No value available
2024-01-07,.,No value available
2024-01-08,2.35,
2024-01-09,2.39,
2024-01-10,2.36,
2024-01-11,2.36,
2024-01-12,2.35,
2024-01-13,.,No value available
2024-01-14,.,No value available
2024-01-15,2.40,
2024-01-16,2.40,
2024-01-17,2.42,
2024-01-18,2.45,
2024-01-19,2.46,
2024-01-20,.,No value available
2024-01-21,.,No value available
2024-01-22,2.43,
2024-01-23,2.46,
2024-01-24,2.49,
2024-01-25,2.52,
2024-01-26,2.47,
2024-01-27,.,No value available
2024-01-28,.,No value available
2024-01-29,2.44,
2024-01-30,2.45,
2024-01-31,2.41,
2024-02-01,2.44,
2024-02-02,2.35,
2024-02-03,.,No value available
2024-02-04,.,No value available
2024-02-05,2.46,
2024-02-06,2.52,
2024-02-07,2.50,
2024-02-08,2.51,
2024-02-09,2.54,
2024-02-10,.,No value available
2024-02-11,.,No value available
2024-02-12,2.54,
2024-02-13,2.54,
2024-02-14,2.52,
2024-02-15,2.46,
2024-02-16,2.53,
2024-02-17,.,No value available
2024-02-18,.,No value available
2024-02-19,2.52,
2024-02-20,2.52,
2024-02-21,2.53,
2024-02-22,2.55,
2024-02-23,2.53,
2024-02-24,.,No value available
2024-02-25,.,No value available
2024-02-26,2.48,
2024-02-27,2.53,
2024-02-28,2.58,
2024-02-29,2.59,
2024-03-01,2.50,
2024-03-02,.,No value available
2024-03-03,.,No value available
2024-03-04,2.50,
2024-03-05,2.48,
2024-03-06,2.46,
2024-03-07,2.40,
2024-03-08,2.40,
2024-03-09,.,No value available
2024-03-10,.,No value available
2024-03-11,2.41,
2024-03-12,2.41,
2024-03-13,2.43,
2024-03-14,2.50,
2024-03-15,2.54,
2024-03-16,.,No value available
2024-03-17,.,No value available
2024-03-18,2.56,
2024-03-19,2.55,
2024-03-20,2.54,
2024-03-21,2.53,
2024-03-22,2.50,
2024-03-23,.,No value available
2024-03-24,.,No value available
2024-03-25,2.48,
2024-03-26,2.47,
2024-03-27,2.46,
2024-03-28,2.43,
2024-03-29,.,No value available
2024-03-30,.,No value available
2024-03-31,.,No value available
2024-04-01,.,No value available
2024-04-02,2.50,
2024-04-03,2.53,
2024-04-04,2.51,
2024-04-05,2.49,
2024-04-06,.,No value available
2024-04-07,.,No value available
2024-04-08,2.58,
2024-04-09,2.51,
2024-04-10,2.46,
2024-04-11,2.54,
2024-04-12,2.48,
2024-04-13,.,No value available
2024-04-14,.,No value available
2024-04-15,2.51,
2024-04-16,2.57,
2024-04-17,2.58,
2024-04-18,2.54,
2024-04-19,2.56,
2024-04-20,.,No value available
2024-04-21,.,No value available
2024-04-22,2.61,
2024-04-23,2.58,
2024-04-24,2.65,
2024-04-25,2.69,
2024-04-26,2.70,
2024-04-27,.,No value available
2024-04-28,.,No value available
2024-04-29,2.64,
2024-04-30,2.63,
2024-05-01,.,No value available
2024-05-02,2.63,
2024-05-03,2.61,
2024-05-04,.,No value available
2024-05-05,.,No value available
2024-05-06,2.55,
2024-05-07,2.53,
2024-05-08,2.53,
2024-05-09,2.59,
2024-05-10,2.56,
2024-05-11,.,No value available
2024-05-12,.,No value available
2024-05-13,2.61,
2024-05-14,2.61,
2024-05-15,2.59,
2024-05-16,2.54,
2024-05-17,2.60,
2024-05-18,.,No value available
2024-05-19,.,No value available
2024-05-20,2.63,
2024-05-21,2.61,
2024-05-22,2.63,
2024-05-23,2.63,
2024-05-24,2.65,
2024-05-25,.,No value available
2024-05-26,.,No value available
2024-05-27,2.67,
2024-05-28,2.64,
2024-05-29,2.71,
2024-05-30,2.76,
2024-05-31,2.78,
2024-06-01,.,No value available
2024-06-02,.,No value available
2024-06-03,2.73,
2024-06-04,2.66,
2024-06-05,2.65,
2024-06-06,2.64,
2024-06-07,2.66,
2024-06-08,.,No value available
2024-06-09,.,No value available
2024-06-10,2.73,
2024-06-11,2.76,
2024-06-12,2.72,
2024-06-13,2.66,
2024-06-14,2.54,
2024-06-15,.,No value available
2024-06-16,.,No value available
2024-06-17,2.51,
2024-06-18,2.54,
2024-06-19,2.51,
2024-06-20,2.55,
2024-06-21,2.52,
2024-06-22,.,No value available
2024-06-23,.,No value available
2024-06-24,2.56,
2024-06-25,2.56,
2024-06-26,2.57,
2024-06-27,2.61,
2024-06-28,2.61,
2024-06-29,.,No value available
2024-06-30,.,No value available
2024-07-01,2.72,
2024-07-02,2.75,
2024-07-03,2.74,
2024-07-04,2.72,
2024-07-05,2.69,
2024-07-06,.,No value available
2024-07-07,.,No value available
2024-07-08,2.69,
2024-07-09,2.68,
2024-07-10,2.66,
2024-07-11,2.67,
2024-07-12,2.67,
2024-07-13,.,No value available
2024-07-14,.,No value available
2024-07-15,2.63,
2024-07-16,2.60,
2024-07-17,2.56,
2024-07-18,2.58,
2024-07-19,2.59,
2024-07-20,.,No value available
2024-07-21,.,No value available
2024-07-22,2.64,
2024-07-23,2.62,
2024-07-24,2.60,
2024-07-25,2.61,
2024-07-26,2.63,
2024-07-27,.,No value available
2024-07-28,.,No value available
2024-07-29,2.54,
2024-07-30,2.55,
2024-07-31,2.53,
2024-08-01,2.48,
2024-08-02,2.42,
2024-08-03,.,No value available
2024-08-04,.,No value available
2024-08-05,2.37,
2024-08-06,2.36,
2024-08-07,2.45,
2024-08-08,2.45,
2024-08-09,2.46,
2024-08-10,.,No value available
2024-08-11,.,No value available
2024-08-12,2.43,
2024-08-13,2.44,
2024-08-14,2.43,
2024-08-15,2.42,
2024-08-16,2.43,
2024-08-17,.,No value available
2024-08-18,.,No value available
2024-08-19,2.41,
2024-08-20,2.44,
2024-08-21,2.43,
2024-08-22,2.45,
2024-08-23,2.47,
2024-08-24,.,No value available
2024-08-25,.,No value available
2024-08-26,2.47,
2024-08-27,2.50,
2024-08-28,2.49,
2024-08-29,2.48,
2024-08-30,2.50,
2024-08-31,.,No value available
2024-09-01,.,No value available
2024-09-02,2.57,
2024-09-03,2.56,
2024-09-04,2.48,
2024-09-05,2.45,
2024-09-06,2.41,
2024-09-07,.,No value available
2024-09-08,.,No value available
2024-09-09,2.49,
2024-09-10,2.43,
2024-09-11,2.39,
2024-09-12,2.42,
2024-09-13,2.42,
2024-09-14,.,No value available
2024-09-15,.,No value available
2024-09-16,2.43,
2024-09-17,2.38,
2024-09-18,2.44,
2024-09-19,2.48,
2024-09-20,2.47,
2024-09-21,.,No value available
2024-09-22,.,No value available
2024-09-23,2.50,
2024-09-24,2.54,
2024-09-25,2.48,
2024-09-26,2.48,
2024-09-27,2.45,
2024-09-28,.,No value available
2024-09-29,.,No value available
2024-09-30,2.50,
2024-10-01,2.39,
2024-10-02,2.41,
2024-10-03,2.46,
2024-10-04,2.50,
2024-10-05,.,No value available
2024-10-06,.,No value available
2024-10-07,2.52,
2024-10-08,2.54,
2024-10-09,2.52,
2024-10-10,2.54,
2024-10-11,2.57,
2024-10-12,.,No value available
2024-10-13,.,No value available
2024-10-14,2.55,
2024-10-15,2.51,
2024-10-16,2.49,
2024-10-17,2.50,
2024-10-18,2.52,
2024-10-19,.,No value available
2024-10-20,.,No value available
2024-10-21,2.56,
2024-10-22,2.63,
2024-10-23,2.64,
2024-10-24,2.59,
2024-10-25,2.58,
2024-10-26,.,No value available
2024-10-27,.,No value available
2024-10-28,2.59,
2024-10-29,2.61,
2024-10-30,2.57,
2024-10-31,2.62,
2024-11-01,2.62,
2024-11-02,.,No value available
2024-11-03,.,No value available
2024-11-04,2.60,
2024-11-05,2.59,
2024-11-06,2.62,
2024-11-07,2.71,
2024-11-08,2.62,
2024-11-09,.,No value available
2024-11-10,.,No value available
2024-11-11,2.53,
2024-11-12,2.51,
2024-11-13,2.53,
2024-11-14,2.57,
2024-11-15,2.53,
2024-11-16,.,No value available
2024-11-17,.,No value available
2024-11-18,2.59,
2024-11-19,2.49,
2024-11-20,2.54,
2024-11-21,2.50,
2024-11-22,2.47,
2024-11-23,.,No value available
2024-11-24,.,No value available
2024-11-25,2.45,
2024-11-26,2.43,
2024-11-27,2.33,
2024-11-28,2.36,
2024-11-29,2.30,
2024-11-30,.,No value available
2024-12-01,.,No value available
2024-12-02,2.26,
2024-12-03,2.28,
2024-12-04,2.28,
2024-12-05,2.27,
2024-12-06,2.28,
2024-12-07,.,No value available
2024-12-08,.,No value available
2024-12-09,2.30,
2024-12-10,2.34,
2024-12-11,2.32,
2024-12-12,2.39,
2024-12-13,2.44,
2024-12-14,.,No value available
2024-12-15,.,No value available
2024-12-16,2.44,
2024-12-17,2.44,
2024-12-18,2.45,
2024-12-19,2.47,
2024-12-20,2.51,
2024-12-21,.,No value available
2024-12-22,.,No value available
2024-12-23,2.50,
2024-12-24,.,No value available
2024-12-25,.,No value available
2024-12-26,.,No value available
2024-12-27,2.59,
2024-12-28,.,No value available
2024-12-29,.,No value available
2024-12-30,2.60,
2024-12-31,.,No value available
2025-01-01,.,No value available
2025-01-02,2.57,
2025-01-03,2.58,
2025-01-04,.,No value available
2025-01-05,.,No value available
2025-01-06,2.63,
2025-01-07,2.66,
2025-01-08,2.69,
2025-01-09,2.74,
2025-01-10,2.76,
2025-01-11,.,No value available
2025-01-12,.,No value available
2025-01-13,2.78,
2025-01-14,2.80,
2025-01-15,2.83,
2025-01-16,2.77,
2025-01-17,2.74,
2025-01-18,.,No value available
2025-01-19,.,No value available
2025-01-20,2.75,
2025-01-21,2.71,
2025-01-22,2.70,
2025-01-23,2.74,
2025-01-24,2.76,
2025-01-25,.,No value available
2025-01-26,.,No value available
2025-01-27,2.71,
2025-01-28,2.73,
2025-01-29,2.73,
2025-01-30,2.73,
2025-01-31,2.71,
2025-02-01,.,No value available
2025-02-02,.,No value available
2025-02-03,2.62,
2025-02-04,2.65,
2025-02-05,2.57,
2025-02-06,2.57,
2025-02-07,2.57,
2025-02-08,.,No value available
2025-02-09,.,No value available
2025-02-10,2.60,
2025-02-11,2.63,
2025-02-12,2.68,
2025-02-13,2.68,
2025-02-14,2.64,
2025-02-15,.,No value available
2025-02-16,.,No value available
2025-02-17,2.73,
2025-02-18,2.73,
2025-02-19,2.75,
2025-02-20,2.77,
2025-02-21,2.72,
2025-02-22,.,No value available
2025-02-23,.,No value available
2025-02-24,2.70,
2025-02-25,2.72,
2025-02-26,2.66,
2025-02-27,2.68,
2025-02-28,2.64,
2025-03-01,.,No value available
2025-03-02,.,No value available
2025-03-03,2.73,
2025-03-04,2.75,
2025-03-05,2.95,
2025-03-06,3.06,
2025-03-07,3.05,
2025-03-08,.,No value available
2025-03-09,.,No value available
2025-03-10,3.04,
2025-03-11,3.12,
2025-03-12,3.17,
2025-03-13,3.17,
2025-03-14,3.17,
2025-03-15,.,No value available
2025-03-16,.,No value available
2025-03-17,3.10,
2025-03-18,3.12,
2025-03-19,3.07,
2025-03-20,3.05,
2025-03-21,3.06,
2025-03-22,.,No value available
2025-03-23,.,No value available
2025-03-24,3.11,
2025-03-25,3.15,
2025-03-26,3.13,
2025-03-27,3.14,
2025-03-28,3.07,
2025-03-29,.,No value available
2025-03-30,.,No value available
2025-03-31,3.05,
2025-04-01,3.02,
2025-04-02,3.02,
2025-04-03,3.04,
2025-04-04,2.88,
2025-04-05,.,No value available
2025-04-06,.,No value available
2025-04-07,2.85,
2025-04-08,3.02,
2025-04-09,3.03,
2025-04-10,3.00,
2025-04-11,2.90,
2025-04-12,.,No value available
2025-04-13,.,No value available
2025-04-14,2.87,
2025-04-15,2.87,
2025-04-16,2.87,
2025-04-17,2.91,
2025-04-18,.,No value available
2025-04-19,.,No value available
2025-04-20,.,No value available
2025-04-21,.,No value available
2025-04-22,2.86,
2025-04-23,2.86,
2025-04-24,2.87,
2025-04-25,2.88,
2025-04-26,.,No value available
2025-04-27,.,No value available
2025-04-28,2.92,
2025-04-29,2.90,
2025-04-30,2.87,
2025-05-01,.,No value available
2025-05-02,2.88,
2025-05-03,.,No value available
2025-05-04,.,No value available
2025-05-05,2.94,
2025-05-06,2.98,
2025-05-07,2.96,
2025-05-08,2.95,
2025-05-09,3.03,
2025-05-10,.,No value available
2025-05-11,.,No value available
2025-05-12,3.05,
2025-05-13,3.11,
2025-05-14,3.12,
2025-05-15,3.12,
